50 121
1 4
1 24
1 46
2 15
2 32
2 37
3 30
3 39
4 5
4 25
4 42
4 45
5 11
5 17
6 31
6 38
7 35
8 7
8 19
8 40
8 47
9 16
9 19
9 39
9 49
10 0
10 11
10 26
10 29
10 30
10 32
11 1
11 32
11 33
12 17
12 45
13 1
13 17
13 19
13 34
13 43
14 7
14 18
16 8
16 38
16 40
16 42
17 0
17 34
17 46
18 9
19 11
20 34
21 9
21 14
21 28
21 30
22 13
22 33
24 16
24 25
25 17
25 23
25 36
25 42
26 5
27 44
27 49
28 25
28 38
28 41
29 18
29 37
30 8
30 12
30 33
31 1
31 18
31 20
31 42
32 22
34 47
34 49
35 4
35 12
35 16
35 26
36 3
36 23
36 46
37 31
37 49
38 35
39 12
39 35
40 46
40 48
41 4
41 7
41 9
41 31
41 37
41 42
42 1
43 19
43 31
44 25
44 36
44 47
46 49
47 1
47 10
47 25
47 27
47 32
47 37
48 0
48 9
48 12
49 10
49 46
