50 181
0 14
0 29
0 35
0 41
0 45
1 9
1 28
1 39
1 43
2 25
2 32
3 6
4 20
5 10
5 22
5 40
6 3
6 9
6 10
6 17
6 21
6 24
6 34
6 46
7 20
7 26
7 27
7 35
7 40
7 46
8 3
8 24
8 33
8 47
9 33
9 44
10 11
10 18
10 30
11 0
11 20
11 46
12 11
12 14
12 26
12 40
12 41
13 4
13 9
13 11
13 15
13 24
13 41
13 47
14 17
14 36
14 39
14 47
14 49
15 3
15 11
15 13
15 16
15 18
15 35
16 15
16 25
16 43
17 8
17 29
18 7
18 11
18 21
18 30
18 36
18 38
19 33
20 18
21 5
21 27
21 31
22 29
22 43
23 1
24 8
24 16
24 39
24 42
25 31
25 48
26 10
26 41
27 29
27 37
27 38
27 39
28 1
28 5
28 9
28 21
28 39
28 46
29 18
29 33
29 40
29 49
30 5
30 10
30 16
30 48
30 49
31 5
31 7
31 15
31 17
31 46
32 44
32 47
33 2
33 6
33 7
33 9
33 19
33 22
33 32
33 41
34 0
34 8
34 16
34 37
35 17
36 5
36 28
36 34
38 18
38 22
38 34
38 48
39 18
39 37
39 40
40 1
40 6
40 28
40 47
41 4
41 14
42 4
42 19
42 23
42 25
42 39
42 40
43 10
43 12
43 26
43 37
43 42
45 37
45 48
46 4
46 11
46 16
46 20
46 23
46 26
46 28
46 32
47 28
47 34
48 13
48 21
48 22
48 23
48 39
48 41
48 46
49 7
49 9
49 10
49 26
