50 178
0 2
0 7
0 18
0 30
0 33
2 25
3 43
4 7
4 21
4 25
5 9
6 8
6 19
6 33
7 13
7 34
7 43
8 5
8 44
9 5
9 19
10 15
10 33
10 34
10 47
11 15
11 25
12 7
12 10
12 13
12 35
12 36
12 39
13 34
13 38
14 0
14 8
14 24
14 25
14 38
15 0
15 21
15 25
15 41
16 0
16 6
16 20
16 46
17 22
18 9
18 16
18 28
18 37
18 49
19 1
19 2
19 30
20 0
20 7
20 14
20 17
20 36
20 37
20 39
20 43
21 9
21 11
21 16
21 19
22 15
22 25
22 30
23 1
23 8
23 28
24 19
24 37
24 47
25 15
25 16
25 24
25 42
26 11
26 27
27 8
27 12
27 30
27 45
28 10
28 32
28 41
29 3
29 4
29 22
29 37
29 48
30 5
30 14
31 7
31 11
31 22
31 24
31 46
32 4
32 20
32 24
33 9
33 22
34 16
34 19
34 36
35 5
35 27
35 49
36 4
36 30
36 31
37 4
37 16
37 40
38 1
38 6
38 15
38 25
38 32
39 0
39 8
39 16
39 22
39 37
39 41
40 2
40 22
40 30
40 31
40 33
40 36
40 44
41 13
41 17
42 21
42 35
42 40
42 43
42 45
42 49
43 16
43 21
43 33
44 15
44 28
44 36
44 37
44 49
45 2
45 4
45 13
45 46
46 10
46 12
46 21
46 36
46 47
47 2
47 8
47 40
48 8
48 21
48 31
48 36
48 39
48 46
49 14
49 16
49 22
49 42
49 46
49 47
