50 264
0 6
0 8
0 26
0 29
0 32
0 33
0 40
0 41
0 46
1 27
1 34
1 41
2 31
2 47
3 0
3 6
3 9
3 12
3 15
3 40
3 47
4 15
4 24
4 26
4 29
4 43
5 13
5 28
5 48
6 2
6 9
6 22
6 24
6 44
6 45
7 10
7 13
7 14
7 23
7 40
7 43
8 7
8 31
8 37
8 41
9 2
9 4
9 36
10 0
10 6
11 12
11 21
11 22
11 27
11 44
11 47
12 4
12 16
12 33
12 37
12 41
12 46
13 4
13 9
13 27
13 31
13 42
14 28
14 30
14 32
14 44
14 45
14 47
15 6
15 9
15 10
15 39
16 14
16 22
16 28
16 37
17 0
17 8
17 11
17 13
17 21
17 23
18 2
18 44
19 4
19 13
19 14
19 16
19 44
19 46
20 7
20 22
21 12
21 36
22 8
22 28
22 30
22 36
22 37
22 38
22 45
22 46
23 12
23 18
23 29
24 13
24 15
24 18
24 27
24 29
24 36
25 9
25 42
25 46
26 11
26 12
26 16
26 41
26 42
27 4
27 5
27 6
27 12
27 28
27 29
27 34
27 39
28 0
28 1
28 5
28 16
28 46
28 47
29 1
29 2
29 9
29 10
29 13
29 33
29 41
29 42
30 1
30 6
30 11
30 35
30 47
30 48
31 1
31 5
31 15
31 23
32 2
32 4
32 12
32 14
32 41
33 4
33 13
33 21
33 23
33 44
33 46
33 47
34 4
34 8
34 13
34 29
34 30
34 35
34 47
34 49
35 5
35 18
35 30
35 31
35 40
36 7
36 22
36 42
36 43
37 4
37 18
37 24
37 27
37 28
37 30
37 32
37 33
37 44
37 47
38 0
38 1
38 13
38 19
38 22
38 34
38 36
39 0
39 49
40 2
40 3
40 4
40 10
40 19
40 24
40 39
40 41
40 42
40 43
40 44
40 46
41 13
41 14
41 17
41 22
41 23
41 42
41 48
42 0
42 21
42 25
42 28
42 35
42 37
42 38
42 44
42 46
43 2
43 3
43 4
43 8
43 21
43 26
43 36
43 46
44 10
44 15
44 21
44 26
45 9
45 11
45 15
45 19
45 26
46 11
46 24
46 35
47 32
47 33
47 34
47 40
48 0
48 17
48 19
48 43
49 2
49 25
49 40
49 45
