50 254
0 4
0 11
0 13
0 19
0 20
0 23
0 38
0 49
1 11
1 19
1 36
1 46
2 19
2 28
2 31
2 40
2 47
3 25
3 39
4 21
4 45
4 47
5 7
5 26
6 8
6 9
6 10
6 12
6 18
6 27
6 31
6 44
7 19
7 28
7 36
8 7
8 16
8 18
9 20
9 21
9 22
9 36
9 41
10 13
10 32
10 34
10 37
10 39
11 2
11 3
11 9
11 14
11 25
11 39
12 3
12 21
12 28
12 35
12 48
13 1
13 3
13 7
13 10
13 26
13 29
13 33
13 41
13 42
14 15
14 21
14 49
15 37
16 11
16 13
16 22
16 29
16 44
17 5
17 10
17 35
17 38
18 8
18 15
18 21
18 26
18 29
18 39
18 46
19 0
19 5
19 7
19 33
19 44
19 47
20 1
20 29
20 41
21 0
21 3
21 16
21 17
21 34
21 36
21 41
21 44
21 48
22 3
22 9
22 38
22 41
23 14
23 22
23 49
24 7
24 11
24 22
24 30
25 16
25 24
25 29
25 33
25 42
26 2
26 13
26 14
26 20
26 27
27 0
27 30
27 49
28 1
28 2
28 7
28 10
28 13
28 16
28 41
28 48
29 6
29 8
29 42
29 47
30 26
30 39
30 45
30 48
31 17
31 22
31 28
31 44
31 45
31 46
31 49
32 2
32 11
32 12
32 13
32 27
32 29
32 37
32 38
32 45
32 48
33 5
33 13
33 46
34 16
34 18
34 29
34 40
35 3
35 11
35 17
35 23
35 31
35 32
35 43
36 0
36 4
36 8
36 14
36 15
36 29
36 30
36 32
36 45
37 28
37 30
37 35
37 40
37 44
38 5
38 21
38 24
38 32
38 33
38 45
39 28
39 40
39 46
40 6
40 13
40 18
40 19
40 22
40 25
40 34
40 48
41 7
41 21
41 28
41 43
41 48
42 33
43 18
43 20
43 36
43 45
43 48
44 5
44 9
44 16
44 25
44 28
44 31
45 4
45 9
45 22
45 25
45 34
45 46
46 2
46 9
46 11
46 15
46 18
46 19
46 21
47 1
47 4
47 5
47 10
47 27
47 35
47 37
48 7
48 9
48 12
48 19
48 29
49 16
49 25
49 27
49 42
