50 118
0 5
0 46
1 7
1 17
1 37
2 15
2 26
2 47
3 6
5 7
5 14
5 22
5 23
6 11
6 16
6 31
7 0
7 3
7 9
7 10
7 34
8 22
8 33
9 10
10 22
10 27
11 12
12 11
12 43
13 5
13 7
13 26
13 36
13 37
13 42
13 44
14 33
15 27
15 42
15 43
16 22
16 25
16 35
16 44
17 41
18 1
18 41
18 43
18 45
18 48
18 49
19 9
19 32
19 40
20 17
20 45
21 6
21 12
21 17
22 0
23 43
23 47
24 4
24 8
24 40
25 35
25 45
26 11
27 9
27 14
27 25
27 33
27 39
28 4
28 6
28 8
28 45
29 3
30 1
30 31
30 32
31 21
31 27
32 6
32 30
32 36
32 44
33 15
33 38
33 49
34 33
34 42
35 18
35 32
35 43
36 7
36 8
36 9
36 14
36 30
37 46
38 2
38 41
38 42
38 48
39 12
40 48
43 37
43 47
44 6
45 36
45 39
45 41
46 35
47 10
48 16
48 26
49 0
