220 3857
0 161
0 162
0 164
0 165
0 166
0 167
0 169
0 172
0 173
0 177
0 178
0 182
0 185
0 187
0 189
0 190
0 193
0 196
0 198
0 199
0 203
0 204
0 205
0 206
0 209
0 210
0 211
0 212
0 213
0 215
0 217
0 218
0 219
1 160
1 161
1 167
1 170
1 176
1 177
1 178
1 180
1 182
1 185
1 188
1 192
1 193
1 194
1 195
1 196
1 198
1 199
1 201
1 203
1 204
1 206
1 207
1 209
1 210
1 211
1 217
2 160
2 161
2 162
2 171
2 176
2 178
2 180
2 183
2 184
2 185
2 195
2 197
2 199
2 205
2 207
2 211
2 214
2 217
2 219
3 161
3 163
3 166
3 169
3 173
3 177
3 179
3 180
3 189
3 191
3 193
3 195
3 197
3 200
3 203
3 205
3 207
3 208
3 211
3 214
3 219
4 161
4 163
4 165
4 168
4 170
4 172
4 177
4 182
4 185
4 190
4 192
4 194
4 196
4 197
4 198
4 199
4 205
4 207
4 210
4 211
4 212
5 165
5 168
5 178
5 180
5 184
5 186
5 187
5 188
5 194
5 195
5 198
5 199
5 202
5 203
5 206
5 210
5 212
5 215
5 216
5 218
6 161
6 162
6 163
6 164
6 165
6 168
6 170
6 173
6 174
6 175
6 176
6 183
6 185
6 190
6 192
6 195
6 198
6 200
6 201
6 204
6 205
6 206
6 210
6 215
6 217
6 218
7 162
7 163
7 175
7 179
7 183
7 185
7 188
7 190
7 191
7 192
7 193
7 195
7 196
7 202
7 203
7 204
7 208
7 209
7 210
7 215
7 217
7 219
8 164
8 165
8 166
8 168
8 170
8 176
8 177
8 180
8 182
8 183
8 185
8 191
8 192
8 194
8 197
8 198
8 200
8 201
8 202
8 205
8 208
8 209
8 210
8 212
8 218
8 219
9 163
9 167
9 171
9 172
9 176
9 177
9 182
9 185
9 186
9 187
9 189
9 190
9 192
9 194
9 205
9 209
9 210
9 211
9 213
9 215
9 219
10 162
10 165
10 167
10 168
10 169
10 173
10 175
10 179
10 182
10 183
10 184
10 188
10 189
10 192
10 196
10 197
10 198
10 199
10 200
10 202
10 205
10 206
10 207
10 210
10 211
10 213
10 217
11 160
11 165
11 166
11 168
11 171
11 172
11 174
11 178
11 180
11 181
11 183
11 186
11 188
11 191
11 192
11 193
11 196
11 197
11 198
11 205
11 210
11 214
11 217
11 218
12 164
12 166
12 168
12 169
12 172
12 174
12 182
12 184
12 186
12 190
12 191
12 194
12 197
12 198
12 201
12 202
12 209
12 210
12 211
12 215
13 163
13 168
13 169
13 170
13 172
13 175
13 176
13 181
13 182
13 189
13 190
13 192
13 193
13 198
13 201
13 203
13 206
13 207
13 209
13 214
13 215
13 219
14 160
14 161
14 162
14 163
14 164
14 165
14 167
14 170
14 172
14 175
14 176
14 177
14 178
14 179
14 181
14 182
14 184
14 185
14 186
14 188
14 189
14 191
14 192
14 194
14 197
14 200
14 203
14 205
14 208
14 210
14 213
15 160
15 161
15 163
15 164
15 167
15 169
15 173
15 174
15 175
15 178
15 180
15 187
15 189
15 192
15 193
15 196
15 199
15 201
15 202
15 205
15 206
15 211
15 214
15 216
16 161
16 162
16 163
16 165
16 169
16 174
16 175
16 178
16 180
16 182
16 185
16 188
16 189
16 190
16 192
16 193
16 196
16 199
16 201
16 203
16 205
16 206
16 209
16 215
16 216
16 217
16 219
17 160
17 161
17 164
17 168
17 171
17 172
17 174
17 177
17 179
17 180
17 183
17 185
17 188
17 194
17 195
17 199
17 202
17 204
17 205
17 206
17 208
17 213
17 214
17 215
17 218
18 160
18 162
18 165
18 167
18 170
18 171
18 172
18 175
18 180
18 186
18 187
18 188
18 189
18 192
18 193
18 198
18 199
18 200
18 205
18 211
18 212
18 213
18 214
18 217
18 219
19 166
19 169
19 171
19 173
19 176
19 177
19 178
19 179
19 182
19 185
19 192
19 195
19 201
19 204
19 205
19 206
19 209
19 214
19 215
19 216
20 160
20 164
20 165
20 167
20 169
20 176
20 178
20 180
20 182
20 186
20 191
20 192
20 193
20 196
20 197
20 203
20 204
20 205
20 208
20 209
20 212
20 214
20 217
20 219
21 160
21 162
21 167
21 168
21 170
21 172
21 178
21 179
21 184
21 185
21 188
21 190
21 192
21 193
21 195
21 196
21 198
21 199
21 202
21 206
21 208
21 209
21 210
21 211
21 213
21 214
21 215
21 216
21 218
22 161
22 163
22 164
22 166
22 171
22 177
22 179
22 180
22 181
22 182
22 183
22 184
22 185
22 186
22 188
22 189
22 190
22 191
22 192
22 193
22 194
22 197
22 198
22 206
22 209
22 211
22 212
22 214
22 216
22 217
22 218
23 161
23 164
23 166
23 168
23 169
23 172
23 181
23 183
23 184
23 188
23 190
23 193
23 199
23 200
23 201
23 202
23 203
23 206
23 208
23 210
23 211
23 212
23 214
23 215
23 217
24 161
24 163
24 164
24 165
24 166
24 167
24 168
24 170
24 171
24 172
24 175
24 176
24 177
24 179
24 180
24 183
24 186
24 187
24 188
24 189
24 190
24 192
24 194
24 196
24 197
24 199
24 200
24 201
24 203
24 209
24 210
24 212
24 217
25 160
25 162
25 165
25 166
25 169
25 172
25 176
25 182
25 184
25 189
25 190
25 191
25 192
25 197
25 198
25 200
25 201
25 202
25 205
25 211
25 214
26 164
26 167
26 168
26 172
26 175
26 177
26 178
26 180
26 185
26 187
26 197
26 198
26 202
26 203
26 206
26 208
26 210
26 212
26 216
26 217
27 160
27 164
27 169
27 170
27 173
27 174
27 176
27 180
27 182
27 183
27 186
27 188
27 189
27 191
27 194
27 206
27 207
27 209
27 212
27 213
28 160
28 161
28 162
28 164
28 165
28 167
28 168
28 169
28 170
28 171
28 177
28 179
28 180
28 183
28 186
28 192
28 194
28 195
28 196
28 198
28 199
28 204
28 205
28 207
28 209
28 210
28 213
28 214
28 217
28 218
28 219
29 163
29 164
29 165
29 166
29 167
29 168
29 171
29 172
29 175
29 176
29 177
29 187
29 193
29 196
29 197
29 199
29 202
29 204
29 205
29 206
29 208
29 214
29 215
29 217
29 219
30 160
30 161
30 162
30 164
30 168
30 173
30 175
30 176
30 177
30 181
30 183
30 184
30 188
30 189
30 190
30 192
30 193
30 194
30 195
30 196
30 202
30 205
30 207
30 208
30 211
30 212
30 213
30 216
30 217
30 218
30 219
31 160
31 165
31 167
31 168
31 173
31 174
31 175
31 176
31 178
31 181
31 184
31 185
31 186
31 187
31 192
31 195
31 197
31 199
31 200
31 201
31 204
31 207
31 209
31 212
31 214
31 216
32 160
32 164
32 165
32 167
32 169
32 176
32 178
32 179
32 183
32 185
32 190
32 191
32 192
32 196
32 201
32 203
32 207
32 210
32 213
32 216
32 218
33 160
33 162
33 166
33 168
33 171
33 172
33 174
33 177
33 178
33 180
33 181
33 182
33 185
33 186
33 191
33 195
33 200
33 205
33 206
33 209
33 210
33 215
33 218
34 163
34 165
34 167
34 170
34 172
34 173
34 174
34 175
34 180
34 185
34 186
34 187
34 188
34 189
34 192
34 193
34 194
34 196
34 198
34 200
34 201
34 203
34 205
34 209
34 212
35 160
35 163
35 164
35 168
35 169
35 170
35 173
35 176
35 177
35 179
35 180
35 182
35 185
35 186
35 187
35 189
35 190
35 191
35 194
35 197
35 198
35 200
35 202
35 205
35 207
35 208
35 210
35 214
35 215
35 217
35 218
36 160
36 163
36 166
36 168
36 169
36 171
36 173
36 174
36 176
36 181
36 182
36 183
36 185
36 186
36 187
36 191
36 192
36 193
36 194
36 196
36 197
36 199
36 201
36 202
36 204
36 206
36 208
36 210
36 213
36 217
36 219
37 161
37 162
37 169
37 174
37 177
37 180
37 183
37 185
37 188
37 189
37 193
37 194
37 197
37 203
37 207
37 210
37 211
37 212
37 214
37 219
38 160
38 161
38 165
38 168
38 178
38 179
38 180
38 181
38 183
38 186
38 187
38 190
38 193
38 194
38 196
38 198
38 199
38 204
38 208
38 210
38 211
38 214
38 217
38 219
39 161
39 164
39 165
39 166
39 167
39 168
39 169
39 171
39 176
39 179
39 180
39 183
39 188
39 190
39 191
39 196
39 198
39 199
39 200
39 202
39 204
39 205
39 207
39 213
39 215
39 219
40 160
40 161
40 162
40 170
40 178
40 179
40 180
40 181
40 182
40 184
40 185
40 187
40 190
40 196
40 197
40 198
40 199
40 200
40 202
40 204
40 208
40 209
40 211
40 212
40 216
40 217
41 163
41 164
41 165
41 169
41 182
41 185
41 186
41 190
41 191
41 197
41 200
41 201
41 202
41 208
41 209
41 210
41 215
41 219
42 165
42 166
42 168
42 170
42 172
42 175
42 176
42 177
42 179
42 182
42 191
42 195
42 197
42 201
42 203
42 205
42 206
42 210
42 211
42 213
42 215
42 217
43 163
43 164
43 165
43 166
43 169
43 172
43 176
43 183
43 184
43 185
43 188
43 190
43 192
43 193
43 195
43 197
43 200
43 202
43 204
43 209
43 211
43 212
43 214
43 215
43 218
44 160
44 161
44 163
44 165
44 173
44 174
44 175
44 184
44 186
44 188
44 189
44 195
44 196
44 200
44 202
44 203
44 206
44 208
44 209
44 210
44 216
45 160
45 162
45 167
45 170
45 172
45 177
45 179
45 180
45 187
45 189
45 192
45 195
45 197
45 199
45 203
45 204
45 206
45 207
45 210
45 212
45 213
45 215
45 217
45 218
46 162
46 164
46 165
46 166
46 168
46 170
46 171
46 172
46 176
46 180
46 182
46 183
46 191
46 193
46 196
46 197
46 202
46 206
46 208
46 211
46 215
46 216
46 217
46 219
47 162
47 163
47 164
47 165
47 166
47 168
47 169
47 170
47 173
47 177
47 180
47 181
47 182
47 186
47 187
47 188
47 190
47 191
47 198
47 199
47 201
47 206
47 207
47 210
47 211
47 213
47 216
48 163
48 165
48 167
48 170
48 172
48 173
48 174
48 176
48 179
48 180
48 182
48 183
48 184
48 187
48 191
48 192
48 193
48 194
48 197
48 199
48 201
48 203
48 208
48 209
48 217
48 218
48 219
49 161
49 162
49 164
49 170
49 175
49 177
49 179
49 180
49 183
49 184
49 185
49 186
49 188
49 191
49 193
49 199
49 200
49 203
49 205
49 207
49 208
49 212
49 213
49 215
49 216
49 217
49 218
50 164
50 166
50 168
50 169
50 172
50 177
50 178
50 179
50 186
50 188
50 189
50 190
50 192
50 194
50 196
50 198
50 201
50 202
50 208
50 212
50 217
50 218
51 161
51 164
51 166
51 167
51 169
51 174
51 175
51 184
51 186
51 190
51 191
51 197
51 198
51 201
51 202
51 206
51 211
51 213
51 217
51 218
52 164
52 171
52 173
52 174
52 177
52 181
52 183
52 184
52 187
52 188
52 189
52 195
52 199
52 209
52 210
52 212
52 214
53 160
53 163
53 164
53 165
53 166
53 173
53 175
53 176
53 177
53 180
53 186
53 187
53 192
53 195
53 197
53 200
53 202
53 209
53 211
53 216
54 164
54 166
54 173
54 174
54 177
54 180
54 181
54 183
54 185
54 188
54 190
54 192
54 195
54 196
54 199
54 205
54 208
54 210
54 216
54 218
55 160
55 162
55 163
55 165
55 166
55 168
55 171
55 175
55 182
55 185
55 186
55 187
55 191
55 192
55 199
55 202
55 203
55 204
55 207
55 210
55 215
55 218
56 160
56 165
56 166
56 168
56 169
56 174
56 175
56 176
56 178
56 179
56 180
56 181
56 182
56 186
56 187
56 189
56 190
56 192
56 194
56 196
56 199
56 201
56 202
56 205
56 207
56 208
56 210
56 212
56 213
56 214
56 217
56 218
56 219
57 161
57 162
57 164
57 168
57 169
57 171
57 172
57 175
57 176
57 178
57 181
57 185
57 189
57 191
57 194
57 198
57 202
57 203
57 206
57 207
57 209
57 211
57 212
57 218
57 219
58 161
58 163
58 166
58 168
58 169
58 171
58 172
58 174
58 175
58 177
58 178
58 180
58 191
58 196
58 199
58 203
58 204
58 206
58 209
58 211
59 162
59 166
59 167
59 168
59 170
59 171
59 175
59 176
59 179
59 180
59 183
59 184
59 185
59 186
59 192
59 195
59 197
59 198
59 200
59 201
59 202
59 204
59 206
59 213
59 215
60 160
60 167
60 168
60 171
60 174
60 175
60 177
60 180
60 181
60 184
60 188
60 190
60 193
60 194
60 195
60 198
60 199
60 200
60 201
60 202
60 203
60 204
60 206
60 213
60 215
60 217
60 218
60 219
61 173
61 175
61 179
61 184
61 185
61 190
61 195
61 197
61 200
61 202
61 203
61 206
61 207
61 209
61 213
61 219
62 163
62 165
62 167
62 169
62 172
62 178
62 180
62 182
62 184
62 185
62 189
62 193
62 196
62 197
62 199
62 204
62 207
62 218
63 160
63 162
63 163
63 167
63 169
63 170
63 171
63 177
63 178
63 179
63 183
63 185
63 188
63 191
63 195
63 196
63 198
63 199
63 200
63 201
63 204
63 205
63 213
63 218
64 163
64 164
64 168
64 172
64 173
64 174
64 175
64 179
64 183
64 187
64 190
64 191
64 193
64 197
64 198
64 201
64 202
64 206
64 207
64 208
64 211
64 212
64 213
64 214
64 215
64 216
64 217
65 166
65 175
65 178
65 183
65 184
65 185
65 186
65 187
65 188
65 191
65 192
65 196
65 197
65 203
65 205
65 207
65 211
65 214
65 216
65 219
66 160
66 161
66 165
66 167
66 168
66 169
66 170
66 171
66 174
66 179
66 183
66 184
66 187
66 189
66 193
66 194
66 200
66 203
66 205
66 207
66 208
66 212
66 213
66 216
67 162
67 163
67 167
67 169
67 172
67 174
67 179
67 181
67 188
67 190
67 192
67 194
67 195
67 196
67 198
67 199
67 201
67 203
67 205
67 208
67 214
67 215
67 217
68 163
68 164
68 165
68 166
68 178
68 180
68 181
68 182
68 184
68 185
68 188
68 191
68 192
68 200
68 201
68 202
68 205
68 206
68 210
68 215
68 216
68 217
69 163
69 164
69 165
69 167
69 169
69 171
69 173
69 175
69 176
69 177
69 181
69 185
69 187
69 191
69 192
69 193
69 199
69 201
69 203
69 204
69 205
69 209
69 210
69 211
69 215
69 216
69 218
70 163
70 164
70 165
70 169
70 172
70 177
70 179
70 180
70 181
70 184
70 185
70 186
70 187
70 189
70 192
70 193
70 195
70 197
70 199
70 200
70 204
70 205
70 207
70 208
70 210
70 214
70 215
70 217
70 218
71 162
71 164
71 166
71 168
71 169
71 170
71 172
71 175
71 179
71 184
71 185
71 187
71 193
71 196
71 199
71 200
71 203
71 204
71 207
71 208
71 214
71 215
71 218
71 219
72 161
72 164
72 165
72 169
72 174
72 176
72 182
72 183
72 186
72 191
72 195
72 201
72 203
72 206
72 209
72 210
72 211
72 214
72 216
72 217
73 168
73 170
73 171
73 172
73 173
73 176
73 183
73 184
73 188
73 191
73 193
73 195
73 196
73 197
73 203
73 204
73 205
73 207
73 212
73 218
74 160
74 162
74 166
74 176
74 178
74 180
74 181
74 182
74 183
74 188
74 189
74 194
74 196
74 197
74 200
74 201
74 204
74 205
74 207
74 214
74 217
74 219
75 161
75 163
75 166
75 167
75 168
75 171
75 172
75 173
75 175
75 177
75 178
75 181
75 184
75 186
75 188
75 192
75 193
75 194
75 195
75 196
75 197
75 198
75 199
75 200
75 201
75 203
75 205
75 207
75 212
75 213
75 214
75 215
75 218
75 219
76 161
76 166
76 168
76 169
76 170
76 175
76 177
76 178
76 180
76 182
76 183
76 184
76 188
76 190
76 195
76 198
76 199
76 201
76 210
76 211
76 214
76 216
76 217
77 161
77 162
77 166
77 169
77 170
77 172
77 176
77 178
77 179
77 181
77 182
77 183
77 186
77 189
77 191
77 192
77 194
77 195
77 196
77 197
77 198
77 200
77 201
77 202
77 205
77 206
77 207
77 210
77 211
77 216
78 161
78 162
78 163
78 165
78 166
78 167
78 168
78 173
78 174
78 176
78 179
78 180
78 181
78 182
78 189
78 195
78 197
78 198
78 201
78 203
78 208
78 209
78 211
78 212
78 213
78 219
79 161
79 167
79 170
79 171
79 172
79 174
79 176
79 179
79 181
79 182
79 183
79 184
79 185
79 186
79 187
79 192
79 193
79 194
79 198
79 201
79 203
79 207
79 209
79 210
79 211
79 212
79 219
80 161
80 162
80 165
80 168
80 170
80 172
80 174
80 179
80 181
80 182
80 183
80 191
80 192
80 196
80 198
80 200
80 203
80 204
80 206
80 208
80 209
80 211
80 212
80 213
80 214
80 215
80 216
80 217
81 160
81 163
81 164
81 166
81 170
81 174
81 175
81 176
81 177
81 178
81 179
81 180
81 182
81 184
81 187
81 189
81 200
81 203
81 204
81 207
81 214
81 216
82 164
82 166
82 167
82 173
82 174
82 176
82 180
82 181
82 186
82 187
82 189
82 194
82 195
82 196
82 198
82 200
82 201
82 204
82 206
82 208
82 209
82 210
82 217
83 160
83 161
83 163
83 166
83 167
83 171
83 173
83 177
83 179
83 183
83 189
83 190
83 191
83 194
83 195
83 196
83 198
83 199
83 200
83 201
83 202
83 204
83 205
83 207
83 209
83 211
83 213
83 214
83 216
83 218
84 161
84 162
84 164
84 167
84 168
84 169
84 171
84 172
84 176
84 181
84 182
84 183
84 188
84 191
84 192
84 195
84 196
84 199
84 201
84 202
84 205
84 207
84 209
84 210
84 213
84 215
84 219
85 161
85 162
85 165
85 167
85 169
85 170
85 171
85 172
85 174
85 175
85 180
85 187
85 190
85 192
85 194
85 195
85 197
85 198
85 201
85 205
85 207
85 209
85 211
86 160
86 163
86 165
86 166
86 168
86 174
86 175
86 177
86 181
86 182
86 184
86 188
86 193
86 195
86 196
86 197
86 202
86 203
86 207
86 208
86 210
86 212
86 213
86 214
86 215
86 216
86 217
86 219
87 161
87 163
87 169
87 171
87 181
87 182
87 183
87 185
87 186
87 188
87 189
87 191
87 192
87 196
87 197
87 199
87 202
87 206
87 207
87 218
87 219
88 161
88 162
88 163
88 166
88 167
88 168
88 170
88 174
88 175
88 178
88 179
88 180
88 183
88 184
88 187
88 190
88 192
88 194
88 197
88 198
88 203
88 204
88 205
88 212
88 213
88 216
89 161
89 172
89 173
89 176
89 177
89 178
89 181
89 182
89 183
89 184
89 185
89 187
89 190
89 198
89 200
89 202
89 206
89 208
89 214
89 216
89 217
89 218
90 161
90 162
90 164
90 165
90 166
90 171
90 172
90 177
90 181
90 184
90 187
90 190
90 193
90 195
90 198
90 200
90 204
90 206
90 209
90 210
90 212
90 215
90 217
91 162
91 170
91 172
91 174
91 178
91 181
91 184
91 185
91 186
91 188
91 190
91 197
91 198
91 199
91 203
91 204
91 205
91 207
91 211
91 213
91 215
92 161
92 163
92 164
92 165
92 166
92 168
92 173
92 175
92 178
92 179
92 181
92 182
92 184
92 190
92 191
92 192
92 195
92 199
92 201
92 208
92 209
92 211
92 212
92 213
92 214
92 218
93 162
93 164
93 167
93 170
93 171
93 173
93 175
93 176
93 178
93 181
93 184
93 187
93 192
93 193
93 196
93 197
93 201
93 202
93 208
93 210
93 213
93 216
93 217
93 219
94 165
94 166
94 169
94 172
94 176
94 178
94 180
94 186
94 187
94 190
94 193
94 195
94 197
94 199
94 200
94 203
94 204
94 206
94 207
94 209
94 210
94 211
94 212
94 216
94 218
94 219
95 163
95 167
95 170
95 173
95 174
95 177
95 178
95 181
95 185
95 187
95 188
95 190
95 191
95 192
95 194
95 199
95 200
95 201
95 203
95 204
95 205
95 206
95 209
95 210
95 216
95 217
95 219
96 162
96 167
96 169
96 170
96 171
96 173
96 174
96 177
96 183
96 189
96 190
96 191
96 192
96 196
96 201
96 203
96 205
96 209
96 211
96 216
96 217
97 164
97 168
97 169
97 170
97 173
97 174
97 179
97 180
97 182
97 183
97 188
97 189
97 190
97 193
97 195
97 196
97 197
97 199
97 202
97 203
97 204
97 208
97 213
97 215
97 216
97 217
98 161
98 163
98 164
98 165
98 166
98 167
98 168
98 182
98 183
98 186
98 187
98 188
98 189
98 192
98 193
98 195
98 196
98 197
98 199
98 201
98 202
98 204
98 206
98 211
98 215
98 219
99 160
99 161
99 163
99 164
99 167
99 169
99 172
99 174
99 177
99 178
99 179
99 180
99 185
99 189
99 191
99 193
99 194
99 198
99 202
99 203
99 205
99 207
99 209
99 210
99 214
100 160
100 165
100 170
100 172
100 179
100 181
100 184
100 186
100 189
100 191
100 197
100 198
100 199
100 208
100 219
101 161
101 162
101 165
101 167
101 168
101 173
101 175
101 177
101 178
101 179
101 181
101 182
101 186
101 187
101 191
101 192
101 195
101 196
101 198
101 199
101 202
101 203
101 204
101 206
101 207
101 208
101 210
101 211
101 215
101 216
102 161
102 162
102 163
102 164
102 166
102 167
102 171
102 174
102 181
102 195
102 199
102 202
102 203
102 205
102 207
102 214
102 219
103 163
103 164
103 170
103 171
103 173
103 174
103 175
103 177
103 179
103 181
103 184
103 189
103 194
103 196
103 203
103 204
103 212
103 213
103 217
104 160
104 164
104 167
104 168
104 174
104 178
104 179
104 182
104 190
104 196
104 197
104 203
104 208
104 210
104 213
104 217
104 218
104 219
105 160
105 162
105 164
105 166
105 168
105 169
105 170
105 171
105 174
105 176
105 177
105 178
105 179
105 180
105 182
105 186
105 188
105 191
105 192
105 193
105 194
105 199
105 202
105 206
105 209
105 211
105 217
106 162
106 163
106 165
106 171
106 173
106 180
106 181
106 186
106 189
106 190
106 193
106 196
106 201
106 202
106 203
106 206
106 207
106 216
106 219
107 166
107 167
107 168
107 170
107 171
107 172
107 173
107 176
107 180
107 182
107 183
107 186
107 191
107 192
107 195
107 196
107 197
107 199
107 200
107 202
107 203
107 207
107 213
107 214
107 215
107 218
107 219
108 160
108 169
108 170
108 174
108 183
108 185
108 186
108 189
108 190
108 192
108 194
108 199
108 200
108 201
108 202
108 205
108 208
108 213
108 216
109 160
109 163
109 166
109 167
109 168
109 169
109 172
109 175
109 177
109 179
109 180
109 181
109 184
109 185
109 186
109 191
109 194
109 201
109 202
109 206
109 208
109 211
109 215
109 217
110 160
110 161
110 164
110 165
110 166
110 171
110 172
110 174
110 177
110 180
110 190
110 194
110 198
110 199
110 200
110 203
110 206
110 207
110 208
110 211
110 215
110 216
111 160
111 161
111 162
111 169
111 170
111 171
111 178
111 183
111 188
111 190
111 193
111 194
111 197
111 198
111 200
111 201
111 202
111 203
111 207
111 213
111 215
111 217
111 219
112 163
112 164
112 174
112 178
112 179
112 184
112 187
112 190
112 196
112 199
112 201
112 202
112 204
112 205
112 206
112 208
112 209
112 210
112 212
112 214
112 217
112 219
113 163
113 164
113 168
113 169
113 172
113 174
113 177
113 178
113 181
113 184
113 188
113 189
113 196
113 202
113 203
113 205
113 207
113 211
113 212
113 214
113 215
113 216
113 219
114 162
114 163
114 164
114 165
114 166
114 167
114 175
114 176
114 177
114 181
114 183
114 185
114 186
114 187
114 189
114 190
114 191
114 198
114 199
114 200
114 201
114 204
114 205
114 206
114 207
114 208
114 211
114 214
114 219
115 163
115 164
115 166
115 169
115 173
115 176
115 177
115 184
115 186
115 188
115 190
115 194
115 195
115 197
115 199
115 202
115 203
115 204
115 205
115 207
115 208
115 209
115 216
116 160
116 163
116 164
116 166
116 168
116 169
116 170
116 178
116 179
116 183
116 184
116 185
116 189
116 190
116 191
116 192
116 194
116 195
116 198
116 204
116 206
116 208
116 212
116 216
116 218
116 219
117 160
117 161
117 162
117 163
117 164
117 168
117 170
117 174
117 176
117 177
117 179
117 182
117 183
117 185
117 191
117 192
117 193
117 194
117 195
117 201
117 202
117 206
117 210
117 213
117 215
117 216
117 219
118 160
118 162
118 167
118 168
118 171
118 173
118 175
118 178
118 182
118 183
118 186
118 187
118 188
118 189
118 190
118 194
118 196
118 199
118 203
118 204
118 205
118 215
118 217
118 219
119 160
119 163
119 165
119 173
119 176
119 177
119 179
119 181
119 183
119 184
119 185
119 187
119 188
119 189
119 190
119 193
119 195
119 196
119 199
119 200
119 205
119 207
119 208
119 209
119 210
119 214
119 216
120 161
120 162
120 164
120 172
120 173
120 174
120 175
120 176
120 178
120 179
120 180
120 190
120 191
120 193
120 195
120 196
120 202
120 203
120 206
120 207
120 210
120 212
120 213
120 217
120 218
121 167
121 169
121 172
121 173
121 175
121 178
121 180
121 181
121 182
121 184
121 186
121 187
121 188
121 189
121 191
121 208
121 209
121 212
121 214
121 217
121 219
122 162
122 166
122 167
122 168
122 169
122 176
122 178
122 182
122 183
122 185
122 187
122 188
122 190
122 194
122 195
122 197
122 200
122 201
122 203
122 207
122 208
122 209
122 214
122 217
122 219
123 161
123 165
123 167
123 176
123 178
123 179
123 182
123 184
123 194
123 197
123 199
123 202
123 211
123 212
123 213
123 215
123 218
123 219
124 160
124 163
124 168
124 175
124 177
124 179
124 185
124 189
124 192
124 194
124 197
124 198
124 200
124 204
124 205
124 207
124 208
124 210
124 218
124 219
125 161
125 162
125 170
125 172
125 176
125 179
125 180
125 182
125 187
125 191
125 192
125 196
125 197
125 199
125 203
125 205
125 209
125 210
125 216
125 217
126 160
126 161
126 162
126 163
126 164
126 165
126 168
126 171
126 172
126 173
126 174
126 176
126 185
126 189
126 192
126 195
126 199
126 200
126 201
126 202
126 203
126 206
126 213
126 214
126 218
126 219
127 163
127 168
127 173
127 175
127 178
127 179
127 184
127 186
127 190
127 192
127 195
127 197
127 199
127 201
127 203
127 204
127 205
127 208
127 212
127 215
127 216
127 218
127 219
128 161
128 164
128 165
128 169
128 171
128 173
128 176
128 177
128 178
128 179
128 181
128 182
128 183
128 185
128 187
128 188
128 190
128 194
128 196
128 197
128 200
128 201
128 206
128 210
128 214
129 162
129 163
129 165
129 168
129 175
129 176
129 179
129 181
129 185
129 186
129 191
129 198
129 199
129 204
129 205
129 207
129 208
129 210
129 213
129 214
129 215
129 216
129 218
129 219
130 163
130 164
130 168
130 170
130 171
130 176
130 178
130 179
130 183
130 185
130 186
130 187
130 189
130 194
130 199
130 208
130 210
130 212
131 160
131 161
131 163
131 164
131 166
131 167
131 173
131 174
131 180
131 182
131 183
131 184
131 185
131 187
131 191
131 192
131 193
131 194
131 201
131 203
131 204
131 205
131 215
132 161
132 162
132 164
132 166
132 167
132 169
132 171
132 172
132 178
132 179
132 180
132 186
132 188
132 194
132 195
132 198
132 202
132 204
132 206
132 208
132 210
132 214
132 215
132 216
133 160
133 161
133 162
133 165
133 166
133 169
133 172
133 174
133 176
133 180
133 182
133 184
133 185
133 186
133 190
133 192
133 193
133 200
133 202
133 203
133 205
133 208
133 209
133 210
133 213
133 214
133 215
133 217
134 160
134 162
134 163
134 164
134 165
134 166
134 167
134 174
134 175
134 176
134 177
134 179
134 180
134 183
134 184
134 186
134 188
134 190
134 195
134 198
134 203
134 204
134 206
134 211
134 213
134 214
134 215
134 217
134 218
134 219
135 160
135 161
135 164
135 165
135 166
135 168
135 169
135 173
135 174
135 175
135 176
135 177
135 179
135 180
135 181
135 183
135 184
135 186
135 187
135 188
135 189
135 190
135 191
135 194
135 197
135 199
135 200
135 201
135 202
135 203
135 205
135 209
135 213
135 216
135 218
135 219
136 160
136 161
136 162
136 164
136 166
136 167
136 170
136 171
136 172
136 173
136 174
136 178
136 180
136 181
136 185
136 188
136 191
136 192
136 193
136 195
136 197
136 198
136 199
136 200
136 202
136 203
136 209
136 210
136 212
136 214
136 216
136 218
137 160
137 163
137 164
137 166
137 171
137 172
137 173
137 174
137 175
137 177
137 179
137 185
137 187
137 193
137 194
137 200
137 201
137 205
137 207
137 217
137 219
138 161
138 162
138 164
138 168
138 172
138 173
138 183
138 184
138 185
138 188
138 190
138 191
138 193
138 199
138 200
138 206
138 207
138 208
138 209
138 210
138 216
138 218
138 219
139 161
139 163
139 166
139 171
139 172
139 175
139 176
139 177
139 178
139 179
139 180
139 181
139 184
139 186
139 187
139 191
139 193
139 194
139 197
139 198
139 200
139 204
139 208
139 209
139 211
139 217
140 161
140 164
140 166
140 168
140 169
140 171
140 172
140 176
140 178
140 179
140 189
140 192
140 194
140 196
140 203
140 204
140 208
140 215
141 160
141 164
141 165
141 166
141 167
141 171
141 172
141 177
141 178
141 181
141 183
141 189
141 190
141 191
141 193
141 196
141 198
141 200
141 203
141 204
141 207
141 209
141 210
141 211
141 212
141 215
141 217
142 160
142 163
142 165
142 166
142 174
142 177
142 178
142 179
142 180
142 184
142 185
142 188
142 189
142 193
142 201
142 202
142 212
142 214
143 160
143 161
143 162
143 167
143 169
143 171
143 172
143 173
143 174
143 178
143 179
143 181
143 183
143 185
143 187
143 189
143 195
143 198
143 202
143 204
143 205
143 208
143 209
143 211
143 212
143 213
143 214
143 216
143 217
143 219
144 160
144 162
144 165
144 169
144 170
144 172
144 173
144 175
144 177
144 180
144 181
144 182
144 183
144 184
144 186
144 189
144 193
144 197
144 199
144 200
144 201
144 203
144 205
144 206
144 207
144 210
144 213
144 215
144 219
145 160
145 164
145 170
145 171
145 174
145 175
145 176
145 182
145 191
145 197
145 198
145 199
145 201
145 202
145 203
145 204
145 207
145 209
145 211
145 213
145 216
145 219
146 160
146 162
146 164
146 168
146 169
146 170
146 171
146 173
146 177
146 179
146 180
146 185
146 186
146 192
146 199
146 200
146 202
146 206
146 210
146 219
147 161
147 164
147 167
147 169
147 174
147 178
147 180
147 182
147 183
147 187
147 192
147 196
147 197
147 199
147 200
147 201
147 204
147 205
147 206
147 210
147 211
147 212
147 214
148 162
148 164
148 166
148 167
148 168
148 169
148 171
148 174
148 177
148 183
148 187
148 191
148 192
148 195
148 197
148 201
148 202
148 205
148 207
148 209
148 215
148 218
149 160
149 167
149 170
149 171
149 173
149 174
149 175
149 179
149 181
149 185
149 189
149 190
149 191
149 192
149 193
149 201
149 202
149 204
149 208
149 209
149 211
150 161
150 164
150 166
150 167
150 168
150 169
150 170
150 171
150 173
150 177
150 180
150 182
150 184
150 186
150 187
150 188
150 189
150 191
150 192
150 196
150 197
150 199
150 204
150 205
150 208
150 212
150 215
150 218
151 160
151 161
151 166
151 167
151 171
151 174
151 179
151 180
151 181
151 182
151 183
151 184
151 189
151 190
151 192
151 193
151 194
151 195
151 197
151 198
151 200
151 209
151 213
151 214
151 218
152 166
152 168
152 169
152 171
152 174
152 176
152 180
152 186
152 188
152 189
152 195
152 197
152 200
152 202
152 203
152 204
152 205
152 208
152 210
152 211
152 215
152 216
152 218
153 163
153 166
153 167
153 174
153 176
153 178
153 179
153 180
153 182
153 185
153 189
153 193
153 195
153 197
153 198
153 199
153 200
153 213
153 214
153 215
153 217
153 219
154 161
154 163
154 166
154 167
154 169
154 170
154 171
154 172
154 173
154 175
154 176
154 177
154 180
154 184
154 188
154 192
154 199
154 200
154 205
154 207
154 216
154 217
155 162
155 164
155 166
155 171
155 173
155 179
155 180
155 183
155 187
155 193
155 194
155 195
155 196
155 199
155 202
155 203
155 204
155 205
155 211
155 214
155 216
155 217
155 218
156 161
156 162
156 164
156 168
156 173
156 176
156 178
156 179
156 180
156 181
156 183
156 184
156 186
156 187
156 188
156 189
156 190
156 193
156 199
156 200
156 201
156 204
156 208
156 211
156 212
156 213
156 214
156 215
156 216
156 219
157 162
157 163
157 166
157 172
157 175
157 176
157 185
157 187
157 189
157 190
157 197
157 203
157 204
157 205
157 206
157 209
157 210
157 213
157 217
157 219
158 166
158 172
158 177
158 178
158 180
158 181
158 182
158 186
158 187
158 188
158 190
158 193
158 194
158 195
158 197
158 198
158 201
158 203
158 207
158 213
158 215
158 218
159 163
159 173
159 175
159 177
159 179
159 181
159 184
159 187
159 188
159 189
159 191
159 193
159 201
159 202
159 207
159 208
159 210
159 211
159 213
159 215
159 218
