200 2615
0 163
0 164
0 165
0 166
0 167
0 171
0 172
0 173
0 174
0 175
0 176
0 178
0 179
0 182
0 184
0 186
0 187
0 189
0 193
0 196
0 198
0 199
1 162
1 166
1 167
1 168
1 170
1 172
1 173
1 176
1 181
1 182
1 183
1 186
1 189
1 190
1 191
1 192
1 194
1 196
1 197
1 198
1 199
2 161
2 163
2 168
2 169
2 170
2 171
2 173
2 174
2 175
2 178
2 181
2 183
2 186
2 189
2 190
2 192
2 193
2 197
3 160
3 162
3 164
3 166
3 167
3 168
3 169
3 173
3 175
3 178
3 179
3 180
3 181
3 183
3 186
3 187
3 190
3 193
4 160
4 166
4 167
4 168
4 169
4 171
4 173
4 177
4 179
4 180
4 181
4 182
4 184
4 185
4 188
4 191
4 193
4 194
4 197
5 160
5 162
5 164
5 167
5 171
5 177
5 181
5 182
5 184
5 185
5 186
5 188
5 194
6 163
6 164
6 165
6 166
6 167
6 170
6 172
6 173
6 174
6 178
6 180
6 187
6 191
6 193
6 194
6 195
6 197
6 198
6 199
7 160
7 161
7 163
7 165
7 167
7 173
7 174
7 175
7 176
7 178
7 180
7 183
7 186
7 187
7 188
7 191
7 193
7 194
7 195
7 196
7 198
8 162
8 164
8 167
8 168
8 172
8 178
8 180
8 184
8 186
8 189
8 192
8 194
8 195
8 196
9 160
9 162
9 163
9 164
9 166
9 169
9 170
9 172
9 178
9 182
9 184
9 186
9 188
9 190
9 191
9 192
9 193
9 195
9 199
10 162
10 163
10 164
10 165
10 172
10 175
10 176
10 177
10 185
10 186
10 193
10 195
10 196
10 198
10 199
11 160
11 162
11 163
11 164
11 168
11 170
11 175
11 184
11 185
11 187
11 191
11 192
11 197
11 198
12 161
12 163
12 164
12 165
12 168
12 171
12 176
12 178
12 179
12 180
12 184
12 185
12 187
12 189
12 193
12 198
12 199
13 160
13 162
13 167
13 172
13 173
13 174
13 176
13 177
13 180
13 182
13 185
13 186
13 192
13 195
13 197
13 199
14 160
14 161
14 163
14 164
14 171
14 172
14 176
14 178
14 180
14 194
14 196
14 197
14 198
14 199
15 162
15 171
15 173
15 180
15 186
15 187
15 188
15 190
15 195
15 197
15 199
16 160
16 161
16 162
16 167
16 174
16 176
16 178
16 182
16 184
16 186
16 192
16 193
16 196
16 197
17 167
17 171
17 172
17 173
17 174
17 177
17 178
17 184
17 186
17 187
17 192
17 193
17 194
17 195
17 196
18 163
18 165
18 167
18 168
18 170
18 176
18 177
18 180
18 182
18 184
18 190
18 191
18 192
18 193
18 194
18 196
19 161
19 162
19 163
19 165
19 173
19 174
19 178
19 179
19 180
19 182
19 183
19 187
19 194
19 196
19 197
20 161
20 162
20 165
20 166
20 167
20 170
20 171
20 172
20 176
20 181
20 184
20 186
20 187
20 192
20 193
20 194
20 196
21 160
21 161
21 162
21 163
21 166
21 167
21 172
21 174
21 177
21 180
21 182
21 183
21 187
21 188
21 189
21 190
21 193
21 195
21 196
22 161
22 162
22 163
22 168
22 171
22 173
22 174
22 179
22 183
22 189
22 191
22 192
22 195
22 197
23 160
23 169
23 173
23 179
23 181
23 184
23 185
23 186
23 190
23 192
23 195
23 197
24 160
24 161
24 162
24 165
24 167
24 169
24 171
24 172
24 173
24 175
24 176
24 177
24 183
24 186
24 187
24 191
24 193
24 195
24 199
25 161
25 162
25 164
25 165
25 167
25 168
25 170
25 174
25 175
25 176
25 177
25 178
25 179
25 180
25 181
25 183
25 185
25 187
25 189
25 190
25 191
25 192
25 193
25 195
25 196
26 162
26 163
26 164
26 166
26 171
26 173
26 174
26 175
26 178
26 179
26 185
26 186
26 187
26 188
26 192
26 196
26 199
27 162
27 163
27 165
27 168
27 172
27 173
27 175
27 178
27 182
27 184
27 185
27 186
27 189
27 193
27 197
27 198
28 160
28 162
28 164
28 170
28 171
28 175
28 177
28 182
28 186
28 187
28 193
28 194
28 198
29 160
29 163
29 164
29 168
29 170
29 172
29 174
29 175
29 176
29 180
29 181
29 184
29 185
29 186
29 187
29 188
29 189
29 196
29 197
29 199
30 163
30 164
30 166
30 167
30 170
30 173
30 175
30 177
30 180
30 181
30 182
30 187
30 188
30 191
30 193
30 194
30 196
30 197
30 198
31 162
31 164
31 165
31 168
31 170
31 173
31 174
31 176
31 181
31 183
31 186
31 187
31 188
31 193
31 196
31 198
32 160
32 161
32 165
32 170
32 177
32 181
32 183
32 184
32 185
32 192
32 197
33 162
33 163
33 165
33 168
33 170
33 171
33 174
33 175
33 176
33 179
33 189
33 190
33 191
33 192
34 160
34 165
34 168
34 172
34 176
34 181
34 182
34 187
34 189
34 190
34 192
34 194
34 196
34 197
34 199
35 161
35 166
35 167
35 168
35 169
35 171
35 172
35 173
35 174
35 176
35 178
35 180
35 181
35 182
35 184
35 185
35 186
35 187
35 191
35 193
35 199
36 160
36 162
36 163
36 164
36 166
36 167
36 174
36 175
36 176
36 180
36 184
36 185
36 187
36 188
36 190
36 191
36 192
36 195
36 196
37 160
37 161
37 162
37 163
37 166
37 168
37 171
37 173
37 174
37 176
37 180
37 181
37 186
37 190
37 191
37 194
37 196
37 199
38 160
38 161
38 164
38 176
38 178
38 179
38 180
38 181
38 182
38 185
38 186
38 190
38 191
38 194
38 195
38 196
38 197
39 161
39 166
39 167
39 168
39 170
39 171
39 173
39 174
39 188
39 192
39 196
39 197
39 199
40 161
40 163
40 167
40 169
40 171
40 172
40 173
40 176
40 179
40 181
40 182
40 190
40 196
41 161
41 165
41 168
41 169
41 172
41 173
41 175
41 178
41 180
41 181
41 182
41 183
41 187
41 189
41 191
41 194
41 195
41 196
41 199
42 160
42 162
42 170
42 174
42 175
42 177
42 178
42 181
42 182
42 184
42 186
42 187
42 188
42 190
42 192
42 198
43 160
43 165
43 166
43 168
43 170
43 178
43 179
43 180
43 186
43 190
43 191
43 192
43 193
43 195
43 196
43 197
44 164
44 167
44 168
44 171
44 172
44 173
44 175
44 177
44 181
44 182
44 184
44 185
44 188
44 189
44 191
44 195
45 161
45 167
45 170
45 171
45 173
45 176
45 177
45 188
45 189
45 190
45 192
45 193
45 194
45 197
45 198
46 161
46 163
46 166
46 168
46 172
46 173
46 174
46 178
46 180
46 186
46 187
46 190
46 193
46 197
47 164
47 173
47 174
47 175
47 176
47 180
47 187
47 190
47 191
47 194
47 196
48 163
48 164
48 167
48 169
48 170
48 175
48 176
48 177
48 178
48 180
48 182
48 184
48 187
48 188
48 194
48 198
48 199
49 161
49 162
49 163
49 164
49 165
49 167
49 168
49 170
49 172
49 173
49 174
49 177
49 180
49 184
49 185
49 186
49 189
49 190
49 193
49 194
49 196
49 198
50 161
50 162
50 164
50 165
50 166
50 174
50 178
50 179
50 181
50 182
50 185
50 186
50 189
50 190
50 191
50 193
50 194
50 197
50 199
51 160
51 161
51 165
51 166
51 167
51 169
51 174
51 175
51 181
51 183
51 187
51 188
51 191
51 199
52 161
52 165
52 169
52 170
52 175
52 178
52 180
52 183
52 184
52 185
52 189
52 192
52 198
53 161
53 162
53 163
53 164
53 165
53 166
53 170
53 171
53 172
53 174
53 178
53 180
53 181
53 183
53 186
53 191
54 164
54 165
54 167
54 168
54 171
54 174
54 179
54 181
54 182
54 184
54 189
54 193
54 195
54 198
55 161
55 168
55 169
55 171
55 177
55 180
55 181
55 182
55 183
55 184
55 186
55 190
55 191
55 199
56 162
56 164
56 165
56 166
56 167
56 173
56 175
56 177
56 181
56 183
56 188
56 191
56 192
56 193
57 167
57 176
57 178
57 181
57 185
57 186
57 188
57 192
57 194
58 160
58 162
58 164
58 165
58 166
58 170
58 171
58 175
58 176
58 178
58 179
58 185
58 187
58 189
58 191
58 195
59 162
59 163
59 165
59 166
59 169
59 172
59 180
59 183
59 184
59 186
59 187
59 190
59 191
59 193
59 194
59 195
59 196
59 197
59 199
60 160
60 165
60 166
60 168
60 169
60 171
60 173
60 178
60 181
60 183
60 186
60 189
60 191
60 192
60 196
60 199
61 164
61 165
61 167
61 173
61 175
61 179
61 180
61 183
61 185
61 186
61 190
61 197
62 161
62 162
62 164
62 170
62 171
62 175
62 180
62 185
62 187
62 189
62 190
62 191
62 195
62 197
63 161
63 163
63 164
63 165
63 169
63 171
63 172
63 177
63 178
63 179
63 181
63 183
63 185
63 186
63 187
63 189
63 193
63 197
63 199
64 161
64 162
64 165
64 166
64 170
64 171
64 174
64 179
64 181
64 186
64 187
64 190
64 192
64 194
64 199
65 160
65 162
65 164
65 166
65 167
65 168
65 170
65 171
65 172
65 173
65 177
65 181
65 182
65 188
65 189
65 191
65 194
65 195
65 196
65 197
65 198
66 160
66 163
66 167
66 170
66 171
66 172
66 173
66 174
66 179
66 181
66 187
66 189
66 194
66 195
66 197
67 164
67 167
67 169
67 170
67 171
67 175
67 178
67 179
67 182
67 183
67 184
67 185
67 187
67 188
67 189
67 191
67 194
67 197
67 199
68 161
68 164
68 166
68 168
68 169
68 171
68 172
68 174
68 176
68 178
68 180
68 191
68 193
68 194
68 197
68 198
69 163
69 165
69 167
69 168
69 171
69 173
69 176
69 180
69 182
69 183
69 187
69 189
69 190
69 192
69 193
69 195
69 197
69 198
70 160
70 164
70 166
70 167
70 168
70 169
70 170
70 176
70 181
70 184
70 185
70 188
70 190
70 194
70 198
71 160
71 164
71 165
71 167
71 169
71 170
71 171
71 179
71 183
71 186
71 187
71 190
71 196
71 197
71 198
72 160
72 161
72 162
72 167
72 169
72 170
72 171
72 177
72 181
72 182
72 184
72 187
72 191
72 194
73 161
73 164
73 166
73 169
73 170
73 171
73 176
73 179
73 180
73 181
73 183
73 184
73 189
73 190
73 193
73 194
73 199
74 162
74 163
74 164
74 169
74 174
74 176
74 181
74 182
74 183
74 184
74 188
74 189
74 191
74 192
74 193
74 194
74 195
74 197
74 198
75 161
75 163
75 166
75 186
75 188
75 190
75 194
75 195
75 196
75 197
75 199
76 162
76 167
76 172
76 173
76 175
76 176
76 178
76 180
76 182
76 184
76 185
76 191
76 194
76 198
77 160
77 162
77 169
77 170
77 171
77 179
77 187
77 193
77 195
77 196
77 198
78 163
78 164
78 166
78 167
78 171
78 172
78 173
78 174
78 176
78 177
78 180
78 184
78 185
78 186
78 187
78 189
78 191
78 192
78 195
78 199
79 161
79 164
79 166
79 169
79 171
79 173
79 175
79 178
79 179
79 180
79 181
79 183
79 185
79 189
79 190
79 191
79 192
79 197
79 198
79 199
80 160
80 163
80 165
80 166
80 168
80 171
80 177
80 178
80 180
80 181
80 183
80 187
80 191
80 192
80 193
80 195
80 196
81 160
81 161
81 165
81 169
81 170
81 172
81 173
81 175
81 178
81 180
81 181
81 184
81 185
81 189
81 191
81 199
82 161
82 162
82 164
82 166
82 174
82 180
82 184
82 186
82 187
82 188
82 189
82 192
82 198
82 199
83 160
83 161
83 165
83 166
83 167
83 168
83 169
83 170
83 171
83 175
83 177
83 178
83 180
83 182
83 184
83 185
83 189
83 191
83 192
83 198
84 161
84 162
84 164
84 165
84 168
84 169
84 170
84 171
84 175
84 178
84 183
84 186
84 187
84 188
84 189
84 190
84 191
84 193
85 162
85 164
85 173
85 175
85 180
85 182
85 184
85 189
85 190
85 191
85 193
85 195
85 196
85 198
86 162
86 163
86 166
86 167
86 170
86 173
86 176
86 177
86 182
86 184
86 187
86 191
86 193
86 194
86 195
86 198
87 160
87 162
87 163
87 166
87 168
87 170
87 173
87 174
87 176
87 178
87 181
87 184
87 185
87 186
87 187
87 189
87 193
87 194
87 195
87 196
87 197
87 199
88 161
88 164
88 166
88 169
88 171
88 172
88 180
88 181
88 183
88 184
88 186
88 187
88 188
88 189
88 192
88 193
88 196
88 198
89 163
89 169
89 172
89 173
89 176
89 177
89 179
89 180
89 181
89 182
89 184
89 186
89 188
89 189
89 190
89 191
89 194
89 196
89 198
90 163
90 169
90 170
90 171
90 172
90 173
90 178
90 181
90 182
90 185
90 186
90 187
90 188
90 189
90 190
90 191
90 194
90 196
90 197
91 160
91 165
91 166
91 169
91 174
91 176
91 179
91 184
91 186
91 190
91 191
91 193
91 197
91 198
92 161
92 162
92 163
92 169
92 170
92 174
92 175
92 176
92 179
92 182
92 183
92 185
92 188
92 189
92 192
92 193
92 197
93 160
93 162
93 164
93 168
93 172
93 175
93 176
93 177
93 179
93 180
93 185
93 186
93 187
93 189
93 193
93 195
94 161
94 162
94 163
94 164
94 165
94 166
94 167
94 168
94 172
94 173
94 174
94 178
94 179
94 181
94 184
94 185
94 189
94 193
94 196
94 197
94 198
95 162
95 163
95 164
95 165
95 166
95 169
95 171
95 172
95 177
95 178
95 181
95 182
95 183
95 184
95 185
95 186
95 188
95 192
95 193
95 194
95 195
95 197
95 198
95 199
96 160
96 164
96 165
96 166
96 167
96 171
96 178
96 179
96 180
96 181
96 182
96 183
96 184
96 185
96 188
96 190
96 194
96 196
96 198
97 162
97 168
97 171
97 172
97 178
97 179
97 180
97 184
97 185
97 187
97 190
97 193
97 194
97 198
97 199
98 166
98 171
98 178
98 189
98 190
98 191
98 192
98 196
98 197
98 198
99 161
99 162
99 163
99 165
99 166
99 172
99 179
99 180
99 183
99 184
99 186
99 187
99 190
99 193
99 194
99 195
99 196
99 198
99 199
100 167
100 169
100 173
100 175
100 178
100 179
100 180
100 182
100 186
100 189
100 190
100 195
100 196
101 161
101 162
101 165
101 167
101 169
101 171
101 174
101 175
101 176
101 177
101 178
101 179
101 181
101 183
101 187
101 189
101 191
101 193
101 194
101 195
101 196
101 198
101 199
102 160
102 167
102 170
102 171
102 172
102 173
102 175
102 177
102 178
102 179
102 181
102 183
102 184
102 186
102 193
102 197
103 160
103 168
103 169
103 172
103 175
103 177
103 179
103 181
103 182
103 187
103 188
103 191
103 192
103 196
103 199
104 162
104 164
104 166
104 168
104 170
104 172
104 173
104 174
104 176
104 177
104 179
104 183
104 188
104 190
104 192
104 193
104 196
104 198
104 199
105 165
105 166
105 169
105 170
105 176
105 178
105 179
105 180
105 183
105 185
105 189
105 191
105 196
105 197
106 162
106 164
106 167
106 168
106 169
106 171
106 173
106 174
106 175
106 177
106 178
106 179
106 180
106 189
106 191
106 195
107 164
107 168
107 171
107 173
107 174
107 175
107 178
107 185
107 187
107 189
108 161
108 163
108 165
108 166
108 174
108 175
108 180
108 182
108 183
108 184
108 185
108 190
108 191
108 193
108 194
108 196
108 198
108 199
109 160
109 161
109 165
109 166
109 167
109 168
109 171
109 172
109 174
109 175
109 177
109 181
109 185
109 186
109 189
109 190
109 192
109 193
109 196
109 198
110 161
110 165
110 166
110 169
110 171
110 172
110 174
110 177
110 183
110 185
110 188
110 189
110 192
110 193
110 195
110 198
111 162
111 163
111 164
111 165
111 167
111 171
111 172
111 173
111 174
111 176
111 177
111 180
111 181
111 182
111 187
111 188
111 190
111 191
111 193
111 194
111 198
111 199
112 160
112 162
112 166
112 167
112 169
112 172
112 174
112 176
112 177
112 183
112 184
112 186
112 189
112 190
112 191
112 193
113 162
113 163
113 166
113 169
113 172
113 173
113 178
113 180
113 185
113 186
113 188
113 190
113 191
113 193
113 198
114 160
114 162
114 163
114 164
114 167
114 169
114 178
114 179
114 181
114 185
114 186
114 187
114 188
114 190
114 191
114 193
115 162
115 169
115 170
115 172
115 181
115 182
115 183
115 184
115 187
115 188
115 189
115 193
115 197
116 165
116 166
116 167
116 168
116 169
116 170
116 172
116 173
116 175
116 177
116 178
116 179
116 181
116 182
116 184
116 186
116 189
116 191
116 195
117 160
117 163
117 164
117 165
117 167
117 170
117 173
117 174
117 184
117 197
118 162
118 165
118 169
118 170
118 175
118 176
118 178
118 182
118 189
118 190
118 193
118 197
119 160
119 163
119 166
119 169
119 171
119 172
119 177
119 178
119 180
119 181
119 183
119 185
119 187
119 188
119 189
119 195
119 196
119 198
120 160
120 162
120 163
120 164
120 166
120 168
120 169
120 173
120 175
120 176
120 179
120 181
120 186
120 187
120 188
120 189
120 190
120 193
120 195
120 196
120 198
121 160
121 164
121 166
121 167
121 168
121 171
121 173
121 174
121 177
121 178
121 179
121 181
121 185
121 188
121 189
121 190
121 193
121 194
121 197
121 198
121 199
122 162
122 165
122 171
122 172
122 173
122 177
122 178
122 182
122 186
122 192
122 195
122 196
122 197
123 160
123 161
123 163
123 164
123 165
123 169
123 171
123 175
123 179
123 181
123 182
123 184
123 187
123 188
123 189
123 190
123 191
123 196
123 197
124 161
124 162
124 163
124 164
124 171
124 175
124 178
124 181
124 183
124 184
124 185
124 191
124 195
124 196
124 197
125 168
125 169
125 170
125 172
125 173
125 176
125 178
125 182
125 184
125 187
125 189
125 190
125 192
125 194
125 197
125 198
126 160
126 166
126 169
126 171
126 173
126 177
126 182
126 190
126 192
126 196
127 165
127 166
127 167
127 168
127 170
127 173
127 174
127 176
127 185
127 189
127 194
127 196
127 197
127 199
128 160
128 162
128 163
128 164
128 167
128 168
128 169
128 170
128 172
128 173
128 177
128 179
128 182
128 183
128 184
128 185
128 187
128 188
128 196
128 198
129 165
129 169
129 170
129 171
129 173
129 174
129 175
129 177
129 178
129 182
129 183
129 188
129 191
129 192
129 193
129 194
129 196
130 160
130 161
130 165
130 168
130 169
130 172
130 181
130 184
130 185
130 189
130 191
130 193
130 194
130 197
131 160
131 161
131 163
131 164
131 168
131 174
131 180
131 184
131 189
131 193
131 194
131 197
132 162
132 163
132 164
132 166
132 170
132 176
132 177
132 181
132 183
132 184
132 191
132 193
133 160
133 162
133 169
133 171
133 172
133 173
133 181
133 183
133 184
133 185
133 186
133 187
133 188
133 194
133 195
133 198
134 160
134 161
134 163
134 164
134 167
134 169
134 174
134 177
134 178
134 183
134 189
134 190
134 192
134 193
134 194
135 160
135 162
135 164
135 165
135 167
135 168
135 170
135 171
135 176
135 177
135 178
135 180
135 181
135 183
135 187
135 188
135 192
135 194
135 199
136 163
136 164
136 167
136 168
136 170
136 172
136 176
136 181
136 184
136 185
136 186
136 187
136 188
136 190
136 194
136 197
137 160
137 162
137 163
137 164
137 165
137 166
137 171
137 172
137 175
137 176
137 177
137 178
137 179
137 180
137 184
137 185
137 187
137 188
137 190
137 191
137 193
137 194
137 198
137 199
138 160
138 161
138 163
138 164
138 172
138 174
138 177
138 183
138 184
138 185
138 186
138 190
138 194
138 195
138 196
138 199
139 162
139 164
139 165
139 171
139 172
139 178
139 181
139 183
139 184
139 189
139 194
139 195
139 196
140 162
140 166
140 170
140 171
140 174
140 175
140 180
140 181
140 183
140 184
140 185
140 186
140 187
140 188
140 189
140 195
140 199
141 160
141 162
141 163
141 166
141 167
141 171
141 172
141 174
141 175
141 176
141 177
141 180
141 181
141 182
141 183
141 184
141 188
141 189
141 190
141 196
141 197
142 160
142 163
142 165
142 166
142 168
142 170
142 172
142 175
142 176
142 181
142 182
142 186
142 188
142 189
142 191
142 194
142 198
142 199
143 168
143 170
143 174
143 175
143 176
143 183
143 184
143 189
143 191
143 195
143 196
143 197
143 198
143 199
144 160
144 162
144 164
144 166
144 168
144 170
144 179
144 182
144 183
144 184
144 187
144 188
144 191
144 194
144 196
144 197
144 199
145 164
145 166
145 172
145 175
145 177
145 180
145 182
145 184
145 185
145 188
145 189
145 191
145 198
146 163
146 166
146 169
146 170
146 171
146 173
146 178
146 181
146 184
146 186
146 187
146 191
146 192
146 193
146 194
146 195
147 163
147 164
147 169
147 170
147 173
147 174
147 177
147 178
147 179
147 182
147 186
147 188
147 192
147 193
147 194
147 196
147 198
148 160
148 167
148 168
148 170
148 172
148 173
148 175
148 178
148 179
148 186
148 189
148 191
148 195
148 196
148 198
149 162
149 163
149 165
149 166
149 168
149 172
149 174
149 175
149 178
149 179
149 184
149 188
149 189
149 190
149 195
149 197
149 198
150 162
150 163
150 164
150 166
150 170
150 172
150 174
150 176
150 178
150 181
150 187
150 190
150 193
150 197
151 161
151 163
151 167
151 173
151 175
151 182
151 183
151 185
151 186
151 188
151 191
151 192
151 193
151 195
151 197
151 198
152 162
152 164
152 165
152 166
152 170
152 171
152 172
152 175
152 178
152 179
152 182
152 188
152 189
152 190
152 191
152 192
152 193
152 195
152 196
152 197
152 198
152 199
153 163
153 164
153 165
153 171
153 172
153 173
153 174
153 175
153 176
153 179
153 180
153 181
153 182
153 183
153 184
153 185
153 186
153 189
153 191
153 197
153 199
154 163
154 166
154 169
154 170
154 172
154 177
154 178
154 179
154 180
154 181
154 183
154 185
154 186
154 187
154 188
154 191
154 192
154 193
154 196
155 162
155 163
155 164
155 165
155 168
155 170
155 172
155 175
155 178
155 179
155 181
155 182
155 184
155 187
155 193
156 162
156 167
156 169
156 170
156 171
156 172
156 175
156 179
156 180
156 189
156 190
156 191
156 193
156 195
156 199
157 166
157 168
157 170
157 174
157 176
157 179
157 182
157 184
157 185
157 188
157 189
157 190
157 192
157 196
158 162
158 163
158 164
158 165
158 168
158 176
158 179
158 190
158 191
158 192
158 193
159 160
159 161
159 163
159 164
159 165
159 167
159 169
159 172
159 176
159 177
159 183
159 188
159 190
159 192
159 195
159 196
159 199
