320 10231
0 167
0 170
0 171
0 172
0 174
0 175
0 178
0 179
0 181
0 184
0 185
0 189
0 192
0 193
0 194
0 196
0 201
0 202
0 204
0 205
0 211
0 213
0 214
0 215
0 219
0 221
0 225
0 230
0 231
0 232
0 233
0 235
0 236
0 239
0 247
0 248
0 249
0 251
0 252
0 253
0 254
0 256
0 257
0 258
0 259
0 260
0 261
0 263
0 266
0 268
0 271
0 272
0 278
0 279
0 282
0 287
0 293
0 298
0 301
0 308
0 312
0 313
0 318
0 319
1 165
1 166
1 167
1 169
1 170
1 173
1 174
1 175
1 180
1 182
1 187
1 191
1 192
1 193
1 196
1 198
1 199
1 200
1 207
1 210
1 211
1 212
1 213
1 216
1 218
1 219
1 225
1 227
1 228
1 232
1 233
1 234
1 236
1 237
1 238
1 241
1 245
1 248
1 252
1 253
1 254
1 255
1 257
1 258
1 263
1 266
1 267
1 268
1 269
1 275
1 276
1 277
1 279
1 282
1 283
1 285
1 286
1 288
1 291
1 292
1 293
1 296
1 298
1 299
1 301
1 305
1 307
1 308
1 309
1 310
1 311
1 313
1 314
1 318
1 319
2 165
2 167
2 169
2 170
2 172
2 173
2 174
2 176
2 181
2 188
2 191
2 193
2 194
2 196
2 197
2 200
2 203
2 206
2 207
2 208
2 212
2 217
2 218
2 220
2 228
2 229
2 231
2 232
2 233
2 234
2 235
2 237
2 238
2 240
2 241
2 246
2 247
2 248
2 251
2 254
2 258
2 260
2 261
2 263
2 264
2 265
2 266
2 267
2 270
2 273
2 274
2 280
2 282
2 284
2 285
2 286
2 287
2 294
2 295
2 296
2 298
2 300
2 305
2 309
2 311
2 315
2 317
2 318
3 161
3 164
3 168
3 169
3 173
3 175
3 176
3 179
3 180
3 181
3 185
3 186
3 187
3 191
3 193
3 196
3 199
3 203
3 204
3 205
3 206
3 208
3 211
3 213
3 214
3 217
3 219
3 224
3 225
3 227
3 229
3 232
3 233
3 235
3 236
3 245
3 246
3 251
3 253
3 259
3 261
3 268
3 272
3 273
3 276
3 278
3 282
3 285
3 286
3 289
3 291
3 292
3 296
3 301
3 303
3 304
3 305
3 306
3 309
3 312
3 314
3 315
3 317
4 160
4 164
4 165
4 166
4 167
4 173
4 175
4 179
4 180
4 181
4 184
4 188
4 189
4 191
4 193
4 196
4 197
4 198
4 199
4 201
4 202
4 206
4 210
4 211
4 212
4 213
4 222
4 227
4 228
4 235
4 238
4 239
4 241
4 243
4 244
4 245
4 247
4 249
4 250
4 251
4 252
4 255
4 256
4 257
4 258
4 260
4 262
4 264
4 265
4 266
4 268
4 269
4 270
4 274
4 275
4 278
4 279
4 280
4 283
4 287
4 293
4 295
4 296
4 299
4 300
4 301
4 302
4 305
4 308
4 309
4 317
5 160
5 165
5 176
5 182
5 183
5 184
5 185
5 193
5 194
5 195
5 196
5 197
5 199
5 202
5 207
5 208
5 214
5 216
5 220
5 221
5 222
5 223
5 224
5 226
5 229
5 232
5 234
5 236
5 243
5 249
5 250
5 253
5 254
5 258
5 262
5 264
5 265
5 268
5 270
5 274
5 279
5 280
5 281
5 282
5 284
5 285
5 287
5 291
5 294
5 296
5 298
5 299
5 300
5 302
5 303
5 304
5 316
5 317
5 318
6 160
6 161
6 164
6 165
6 166
6 167
6 175
6 176
6 185
6 188
6 191
6 197
6 199
6 201
6 202
6 204
6 205
6 207
6 210
6 211
6 212
6 215
6 217
6 222
6 225
6 226
6 228
6 232
6 233
6 235
6 236
6 240
6 244
6 252
6 254
6 257
6 259
6 262
6 263
6 266
6 268
6 269
6 270
6 274
6 281
6 282
6 284
6 285
6 287
6 289
6 290
6 291
6 293
6 295
6 299
6 305
6 307
6 308
6 309
6 314
6 319
7 161
7 164
7 165
7 167
7 168
7 169
7 175
7 177
7 178
7 180
7 182
7 183
7 184
7 185
7 187
7 188
7 190
7 195
7 196
7 199
7 200
7 201
7 202
7 206
7 207
7 209
7 211
7 212
7 214
7 215
7 216
7 217
7 218
7 219
7 222
7 226
7 230
7 233
7 235
7 238
7 241
7 245
7 246
7 248
7 250
7 251
7 252
7 256
7 257
7 262
7 264
7 267
7 268
7 269
7 271
7 272
7 274
7 275
7 277
7 278
7 281
7 283
7 288
7 293
7 299
7 303
7 304
7 306
7 313
7 316
7 319
8 161
8 162
8 163
8 164
8 166
8 167
8 168
8 169
8 174
8 182
8 184
8 185
8 186
8 192
8 193
8 195
8 205
8 206
8 210
8 211
8 215
8 217
8 219
8 220
8 223
8 237
8 238
8 239
8 240
8 247
8 254
8 255
8 256
8 258
8 264
8 266
8 267
8 268
8 270
8 271
8 272
8 278
8 279
8 281
8 282
8 286
8 288
8 289
8 290
8 292
8 293
8 294
8 296
8 300
8 303
8 306
8 307
8 308
8 316
8 317
8 318
8 319
9 164
9 165
9 166
9 167
9 171
9 172
9 173
9 175
9 178
9 179
9 182
9 184
9 185
9 186
9 188
9 192
9 195
9 200
9 201
9 202
9 204
9 207
9 210
9 212
9 217
9 218
9 224
9 225
9 227
9 230
9 234
9 236
9 238
9 242
9 245
9 246
9 248
9 249
9 250
9 252
9 256
9 259
9 260
9 261
9 265
9 268
9 272
9 273
9 274
9 275
9 276
9 280
9 283
9 285
9 287
9 288
9 290
9 291
9 295
9 296
9 297
9 298
9 299
9 303
9 305
9 306
9 307
9 311
9 314
9 315
9 318
10 161
10 163
10 164
10 166
10 167
10 169
10 172
10 184
10 185
10 186
10 187
10 198
10 200
10 202
10 203
10 205
10 206
10 207
10 208
10 209
10 210
10 215
10 217
10 218
10 221
10 222
10 223
10 224
10 229
10 231
10 232
10 236
10 239
10 242
10 248
10 249
10 253
10 265
10 266
10 269
10 270
10 273
10 276
10 278
10 279
10 283
10 284
10 285
10 287
10 294
10 295
10 298
10 301
10 305
10 306
10 310
10 311
10 316
10 319
11 161
11 165
11 171
11 172
11 173
11 176
11 182
11 188
11 190
11 191
11 192
11 195
11 197
11 198
11 200
11 203
11 209
11 213
11 217
11 218
11 220
11 221
11 222
11 224
11 228
11 231
11 233
11 235
11 237
11 238
11 239
11 242
11 244
11 245
11 248
11 249
11 254
11 257
11 260
11 261
11 262
11 267
11 270
11 271
11 281
11 284
11 289
11 291
11 296
11 297
11 298
11 299
11 301
11 302
11 305
11 306
11 307
11 310
11 312
11 314
11 315
11 318
12 160
12 165
12 168
12 171
12 173
12 176
12 177
12 178
12 181
12 184
12 186
12 189
12 190
12 192
12 197
12 199
12 202
12 205
12 208
12 213
12 217
12 218
12 219
12 224
12 227
12 229
12 230
12 238
12 243
12 244
12 246
12 249
12 250
12 251
12 254
12 255
12 256
12 258
12 259
12 261
12 266
12 267
12 269
12 272
12 273
12 274
12 275
12 277
12 278
12 279
12 281
12 283
12 286
12 287
12 288
12 290
12 291
12 293
12 299
12 300
12 301
12 302
12 305
12 307
12 308
12 309
12 310
12 312
12 314
12 315
13 160
13 164
13 165
13 168
13 171
13 172
13 176
13 181
13 183
13 190
13 196
13 198
13 199
13 201
13 203
13 204
13 205
13 207
13 213
13 216
13 218
13 221
13 222
13 224
13 226
13 227
13 236
13 238
13 241
13 242
13 246
13 249
13 250
13 252
13 253
13 255
13 257
13 261
13 264
13 267
13 268
13 270
13 271
13 272
13 276
13 278
13 282
13 283
13 285
13 286
13 288
13 290
13 291
13 292
13 293
13 295
13 298
13 305
13 307
13 310
13 312
13 313
14 166
14 170
14 171
14 172
14 173
14 174
14 178
14 180
14 181
14 182
14 186
14 187
14 190
14 193
14 198
14 199
14 200
14 201
14 203
14 206
14 207
14 208
14 209
14 214
14 215
14 216
14 220
14 222
14 223
14 228
14 230
14 231
14 234
14 235
14 236
14 237
14 238
14 242
14 243
14 244
14 245
14 246
14 247
14 253
14 257
14 258
14 261
14 262
14 265
14 266
14 267
14 271
14 272
14 283
14 285
14 287
14 290
14 292
14 293
14 295
14 298
14 299
14 300
14 303
14 305
14 310
14 315
14 316
14 317
15 160
15 164
15 173
15 175
15 181
15 182
15 183
15 188
15 192
15 193
15 195
15 196
15 200
15 202
15 205
15 206
15 207
15 208
15 209
15 211
15 212
15 215
15 217
15 222
15 224
15 225
15 226
15 230
15 239
15 240
15 242
15 243
15 244
15 246
15 249
15 251
15 252
15 254
15 255
15 256
15 257
15 260
15 266
15 267
15 268
15 269
15 276
15 279
15 280
15 283
15 289
15 290
15 291
15 292
15 294
15 296
15 297
15 300
15 301
15 302
15 307
15 311
15 312
15 314
15 318
16 160
16 161
16 163
16 164
16 167
16 169
16 170
16 171
16 173
16 174
16 181
16 184
16 190
16 191
16 194
16 195
16 196
16 199
16 200
16 202
16 206
16 208
16 209
16 210
16 217
16 220
16 223
16 225
16 226
16 231
16 232
16 233
16 237
16 238
16 239
16 240
16 241
16 242
16 244
16 248
16 249
16 251
16 253
16 255
16 256
16 259
16 260
16 262
16 263
16 264
16 265
16 266
16 268
16 269
16 270
16 273
16 274
16 276
16 279
16 281
16 283
16 284
16 285
16 289
16 292
16 294
16 295
16 296
16 297
16 298
16 299
16 301
16 303
16 306
16 312
16 313
16 316
16 317
16 318
17 169
17 170
17 172
17 177
17 178
17 180
17 183
17 184
17 188
17 193
17 194
17 197
17 200
17 202
17 203
17 205
17 206
17 208
17 209
17 210
17 212
17 213
17 215
17 217
17 220
17 221
17 229
17 230
17 234
17 237
17 238
17 239
17 241
17 244
17 245
17 247
17 252
17 253
17 257
17 258
17 260
17 262
17 263
17 264
17 265
17 267
17 271
17 272
17 273
17 275
17 279
17 281
17 282
17 285
17 288
17 290
17 301
17 305
17 307
17 309
17 311
17 314
17 318
17 319
18 163
18 168
18 172
18 174
18 176
18 177
18 181
18 182
18 183
18 185
18 188
18 192
18 194
18 195
18 198
18 199
18 205
18 206
18 208
18 212
18 214
18 215
18 216
18 217
18 219
18 222
18 223
18 224
18 225
18 227
18 228
18 230
18 233
18 234
18 235
18 236
18 237
18 238
18 240
18 242
18 243
18 244
18 246
18 249
18 256
18 259
18 261
18 263
18 264
18 267
18 268
18 271
18 272
18 273
18 278
18 279
18 289
18 290
18 291
18 294
18 305
18 306
18 309
18 317
18 319
19 162
19 163
19 165
19 167
19 168
19 169
19 173
19 174
19 178
19 181
19 184
19 185
19 186
19 191
19 194
19 195
19 196
19 198
19 200
19 202
19 203
19 204
19 208
19 209
19 210
19 214
19 216
19 217
19 220
19 221
19 224
19 225
19 226
19 228
19 229
19 230
19 231
19 235
19 236
19 239
19 241
19 243
19 244
19 247
19 248
19 249
19 254
19 255
19 261
19 262
19 267
19 268
19 273
19 274
19 276
19 279
19 280
19 283
19 285
19 286
19 289
19 291
19 292
19 295
19 296
19 299
19 300
19 302
19 303
19 304
19 305
19 306
19 307
19 308
19 309
19 313
19 316
19 319
20 160
20 161
20 162
20 163
20 164
20 165
20 167
20 168
20 169
20 178
20 185
20 187
20 190
20 192
20 193
20 194
20 195
20 197
20 200
20 201
20 202
20 208
20 212
20 213
20 214
20 216
20 217
20 219
20 220
20 221
20 222
20 223
20 224
20 229
20 232
20 236
20 237
20 240
20 241
20 244
20 248
20 251
20 257
20 259
20 260
20 261
20 263
20 264
20 265
20 266
20 267
20 273
20 274
20 275
20 276
20 279
20 280
20 284
20 288
20 289
20 291
20 294
20 297
20 307
20 310
20 312
20 314
20 315
20 318
21 164
21 166
21 168
21 171
21 176
21 180
21 181
21 182
21 183
21 187
21 188
21 194
21 195
21 197
21 198
21 200
21 201
21 202
21 205
21 211
21 215
21 216
21 217
21 220
21 222
21 223
21 224
21 226
21 231
21 234
21 235
21 240
21 249
21 250
21 251
21 254
21 260
21 261
21 272
21 274
21 276
21 279
21 280
21 282
21 284
21 285
21 287
21 290
21 292
21 294
21 295
21 297
21 299
21 304
21 306
21 307
21 310
21 315
21 317
21 318
22 160
22 161
22 163
22 164
22 166
22 169
22 171
22 173
22 174
22 176
22 178
22 180
22 181
22 183
22 186
22 190
22 195
22 196
22 199
22 206
22 208
22 209
22 215
22 220
22 221
22 222
22 223
22 226
22 229
22 230
22 231
22 236
22 238
22 239
22 240
22 241
22 245
22 246
22 249
22 250
22 251
22 252
22 253
22 263
22 264
22 269
22 272
22 273
22 275
22 279
22 284
22 285
22 290
22 292
22 293
22 298
22 299
22 302
22 303
22 306
22 307
22 308
22 311
22 313
22 319
23 160
23 161
23 164
23 166
23 169
23 170
23 171
23 172
23 173
23 175
23 179
23 181
23 182
23 183
23 185
23 186
23 187
23 190
23 191
23 193
23 195
23 196
23 200
23 201
23 205
23 208
23 212
23 216
23 219
23 221
23 222
23 223
23 224
23 225
23 226
23 227
23 228
23 229
23 235
23 236
23 237
23 239
23 240
23 243
23 246
23 248
23 253
23 254
23 256
23 258
23 268
23 272
23 278
23 279
23 281
23 282
23 283
23 284
23 285
23 286
23 294
23 295
23 297
23 302
23 304
23 305
23 306
23 310
23 313
23 317
23 318
24 161
24 162
24 164
24 172
24 174
24 175
24 176
24 178
24 179
24 186
24 191
24 193
24 195
24 198
24 202
24 205
24 206
24 209
24 210
24 216
24 217
24 218
24 221
24 227
24 229
24 231
24 240
24 242
24 243
24 244
24 248
24 249
24 250
24 252
24 253
24 259
24 263
24 265
24 268
24 269
24 270
24 273
24 276
24 279
24 282
24 283
24 287
24 288
24 293
24 295
24 301
24 302
24 304
24 305
24 309
24 313
24 315
24 319
25 168
25 171
25 175
25 177
25 182
25 183
25 189
25 191
25 193
25 195
25 198
25 200
25 211
25 212
25 213
25 217
25 218
25 219
25 223
25 224
25 225
25 235
25 236
25 237
25 239
25 245
25 247
25 248
25 253
25 254
25 255
25 256
25 258
25 260
25 262
25 268
25 269
25 270
25 276
25 278
25 279
25 282
25 285
25 293
25 294
25 295
25 301
25 303
25 305
25 306
25 309
25 310
25 312
25 314
26 160
26 162
26 167
26 170
26 177
26 181
26 189
26 190
26 194
26 195
26 196
26 202
26 203
26 205
26 206
26 210
26 217
26 219
26 220
26 225
26 228
26 229
26 230
26 232
26 234
26 236
26 237
26 238
26 245
26 246
26 247
26 248
26 249
26 251
26 252
26 254
26 257
26 258
26 259
26 264
26 265
26 266
26 267
26 269
26 273
26 274
26 275
26 276
26 279
26 281
26 287
26 291
26 292
26 297
26 299
26 305
26 310
26 311
26 314
26 315
27 160
27 161
27 162
27 163
27 165
27 167
27 168
27 172
27 173
27 174
27 176
27 177
27 182
27 183
27 185
27 189
27 190
27 191
27 192
27 193
27 196
27 197
27 198
27 202
27 204
27 214
27 215
27 216
27 221
27 222
27 224
27 229
27 230
27 235
27 236
27 237
27 239
27 243
27 249
27 251
27 254
27 256
27 257
27 260
27 263
27 264
27 266
27 268
27 271
27 274
27 275
27 279
27 280
27 282
27 284
27 287
27 289
27 290
27 292
27 295
27 303
27 305
27 306
27 307
27 308
27 309
27 310
27 311
27 314
27 316
27 318
28 160
28 161
28 163
28 168
28 169
28 172
28 177
28 180
28 181
28 182
28 188
28 191
28 192
28 193
28 199
28 200
28 206
28 213
28 221
28 222
28 229
28 234
28 236
28 237
28 239
28 240
28 241
28 242
28 243
28 244
28 245
28 249
28 255
28 256
28 257
28 264
28 265
28 266
28 267
28 272
28 281
28 282
28 283
28 287
28 288
28 289
28 290
28 291
28 296
28 298
28 302
28 303
28 304
28 305
28 309
28 310
28 312
28 315
28 317
29 163
29 170
29 171
29 172
29 177
29 178
29 182
29 184
29 186
29 188
29 192
29 193
29 194
29 198
29 199
29 203
29 204
29 205
29 207
29 208
29 218
29 219
29 222
29 224
29 225
29 230
29 232
29 239
29 241
29 243
29 244
29 245
29 250
29 253
29 256
29 257
29 259
29 263
29 268
29 269
29 273
29 279
29 280
29 290
29 295
29 301
29 306
29 307
29 311
29 314
29 316
29 318
30 161
30 164
30 165
30 169
30 173
30 175
30 177
30 178
30 182
30 188
30 189
30 191
30 196
30 197
30 202
30 205
30 206
30 208
30 209
30 211
30 212
30 216
30 218
30 219
30 226
30 228
30 229
30 235
30 239
30 240
30 241
30 242
30 243
30 247
30 248
30 249
30 251
30 252
30 263
30 265
30 274
30 277
30 280
30 281
30 283
30 284
30 285
30 286
30 288
30 293
30 294
30 295
30 299
30 301
30 306
30 307
30 309
30 311
31 160
31 165
31 167
31 168
31 169
31 174
31 175
31 176
31 179
31 183
31 184
31 185
31 187
31 190
31 191
31 192
31 193
31 195
31 196
31 200
31 202
31 205
31 209
31 210
31 215
31 216
31 218
31 220
31 222
31 225
31 229
31 230
31 232
31 234
31 237
31 238
31 240
31 242
31 243
31 244
31 246
31 247
31 250
31 252
31 254
31 259
31 260
31 263
31 264
31 265
31 267
31 268
31 269
31 277
31 278
31 279
31 284
31 285
31 288
31 289
31 290
31 291
31 293
31 294
31 295
31 296
31 298
31 301
31 302
31 304
31 305
31 308
31 310
31 311
31 312
31 313
31 314
31 316
31 318
31 319
32 162
32 168
32 169
32 170
32 171
32 177
32 179
32 181
32 182
32 183
32 184
32 187
32 189
32 191
32 194
32 195
32 196
32 197
32 201
32 203
32 206
32 207
32 212
32 215
32 216
32 221
32 222
32 224
32 225
32 227
32 230
32 231
32 233
32 234
32 235
32 237
32 240
32 241
32 242
32 245
32 247
32 249
32 250
32 252
32 253
32 254
32 255
32 259
32 260
32 262
32 266
32 269
32 270
32 271
32 272
32 275
32 277
32 278
32 280
32 281
32 287
32 289
32 290
32 291
32 293
32 294
32 298
32 304
32 311
32 312
32 313
32 317
33 163
33 164
33 165
33 166
33 167
33 169
33 171
33 177
33 180
33 181
33 184
33 185
33 186
33 187
33 188
33 189
33 192
33 194
33 197
33 199
33 202
33 203
33 205
33 206
33 207
33 212
33 213
33 216
33 222
33 227
33 229
33 231
33 234
33 235
33 238
33 239
33 240
33 242
33 248
33 250
33 251
33 252
33 254
33 256
33 263
33 265
33 266
33 272
33 274
33 277
33 282
33 284
33 285
33 289
33 290
33 295
33 297
33 299
33 302
33 305
33 307
33 311
33 313
33 315
33 319
34 166
34 167
34 168
34 172
34 176
34 184
34 188
34 189
34 191
34 195
34 201
34 202
34 203
34 206
34 209
34 212
34 213
34 214
34 215
34 216
34 219
34 220
34 221
34 224
34 225
34 228
34 231
34 235
34 238
34 242
34 244
34 247
34 248
34 253
34 254
34 255
34 257
34 261
34 263
34 264
34 265
34 270
34 277
34 278
34 279
34 287
34 288
34 295
34 296
34 297
34 299
34 301
34 305
34 306
34 309
34 311
34 313
34 314
34 316
34 319
35 164
35 167
35 173
35 174
35 176
35 177
35 178
35 182
35 183
35 184
35 185
35 188
35 189
35 194
35 195
35 196
35 199
35 200
35 203
35 204
35 207
35 208
35 210
35 213
35 215
35 221
35 222
35 227
35 228
35 229
35 230
35 232
35 235
35 239
35 243
35 244
35 248
35 249
35 250
35 251
35 252
35 255
35 258
35 263
35 265
35 267
35 269
35 271
35 272
35 273
35 275
35 283
35 284
35 287
35 288
35 290
35 291
35 297
35 298
35 304
35 305
35 308
35 309
35 311
35 314
35 315
35 316
35 318
36 161
36 163
36 165
36 166
36 170
36 174
36 178
36 181
36 185
36 187
36 189
36 194
36 195
36 197
36 199
36 202
36 203
36 207
36 208
36 209
36 210
36 211
36 212
36 214
36 217
36 220
36 224
36 226
36 228
36 230
36 231
36 233
36 234
36 237
36 239
36 240
36 246
36 247
36 249
36 250
36 251
36 256
36 261
36 269
36 271
36 272
36 273
36 276
36 277
36 278
36 280
36 281
36 282
36 283
36 286
36 287
36 289
36 292
36 293
36 298
36 300
36 302
36 303
36 304
36 306
36 307
36 309
36 310
36 311
36 312
36 313
36 314
36 315
36 318
37 162
37 174
37 177
37 185
37 189
37 191
37 192
37 194
37 195
37 198
37 200
37 208
37 210
37 215
37 218
37 219
37 223
37 226
37 227
37 228
37 229
37 232
37 233
37 236
37 238
37 239
37 241
37 242
37 243
37 244
37 248
37 250
37 251
37 254
37 255
37 263
37 265
37 266
37 269
37 270
37 274
37 276
37 283
37 285
37 287
37 289
37 290
37 295
37 296
37 298
37 300
37 303
37 304
37 310
37 311
37 313
37 315
37 316
37 319
38 162
38 163
38 165
38 168
38 172
38 173
38 177
38 179
38 182
38 184
38 187
38 189
38 192
38 194
38 201
38 202
38 204
38 206
38 208
38 209
38 210
38 211
38 212
38 215
38 216
38 219
38 221
38 229
38 231
38 232
38 233
38 236
38 237
38 238
38 239
38 240
38 245
38 247
38 249
38 250
38 252
38 255
38 257
38 258
38 259
38 260
38 261
38 262
38 264
38 265
38 267
38 269
38 273
38 274
38 279
38 280
38 283
38 285
38 287
38 288
38 295
38 296
38 298
38 304
38 306
38 312
38 318
38 319
39 165
39 168
39 169
39 172
39 175
39 179
39 180
39 183
39 186
39 187
39 188
39 189
39 190
39 196
39 197
39 198
39 199
39 200
39 202
39 207
39 208
39 211
39 212
39 213
39 218
39 219
39 220
39 223
39 224
39 231
39 233
39 237
39 239
39 241
39 242
39 243
39 245
39 246
39 247
39 249
39 250
39 251
39 253
39 254
39 261
39 263
39 265
39 267
39 269
39 275
39 278
39 283
39 286
39 287
39 292
39 294
39 298
39 299
39 304
39 305
39 308
39 312
39 313
39 314
39 316
39 318
40 160
40 164
40 166
40 168
40 169
40 170
40 171
40 176
40 177
40 179
40 180
40 182
40 183
40 185
40 186
40 189
40 190
40 194
40 195
40 196
40 198
40 199
40 201
40 203
40 204
40 205
40 206
40 208
40 209
40 211
40 215
40 218
40 224
40 228
40 232
40 233
40 234
40 235
40 242
40 243
40 244
40 247
40 248
40 251
40 252
40 253
40 257
40 258
40 259
40 260
40 261
40 263
40 265
40 271
40 274
40 278
40 291
40 293
40 295
40 297
40 298
40 299
40 302
40 307
40 308
40 310
40 312
40 313
40 318
41 163
41 164
41 175
41 176
41 182
41 184
41 189
41 195
41 196
41 200
41 202
41 204
41 205
41 206
41 210
41 221
41 222
41 225
41 227
41 229
41 233
41 235
41 238
41 241
41 242
41 243
41 244
41 246
41 248
41 249
41 254
41 260
41 262
41 263
41 266
41 269
41 273
41 274
41 279
41 282
41 283
41 285
41 288
41 290
41 293
41 295
41 296
41 300
41 302
41 303
41 308
41 309
41 312
41 315
41 316
42 164
42 166
42 167
42 172
42 175
42 183
42 186
42 188
42 189
42 190
42 193
42 198
42 199
42 207
42 208
42 210
42 211
42 212
42 217
42 218
42 220
42 221
42 225
42 227
42 230
42 233
42 234
42 237
42 238
42 239
42 241
42 245
42 246
42 248
42 251
42 253
42 254
42 255
42 256
42 257
42 259
42 260
42 268
42 273
42 278
42 280
42 285
42 286
42 288
42 290
42 291
42 293
42 295
42 297
42 298
42 304
42 305
42 306
42 309
42 313
42 315
42 318
43 162
43 163
43 168
43 171
43 172
43 173
43 176
43 177
43 178
43 179
43 180
43 183
43 184
43 188
43 194
43 195
43 200
43 201
43 202
43 205
43 206
43 208
43 212
43 215
43 216
43 217
43 218
43 220
43 224
43 228
43 231
43 232
43 240
43 241
43 243
43 244
43 245
43 247
43 252
43 255
43 257
43 260
43 261
43 263
43 268
43 269
43 271
43 273
43 276
43 280
43 281
43 284
43 288
43 291
43 293
43 297
43 298
43 302
43 303
43 307
43 313
43 314
43 315
43 316
43 319
44 160
44 161
44 165
44 167
44 168
44 170
44 180
44 181
44 184
44 187
44 188
44 191
44 193
44 194
44 196
44 203
44 204
44 208
44 209
44 211
44 212
44 213
44 214
44 217
44 222
44 225
44 226
44 227
44 237
44 239
44 240
44 241
44 243
44 247
44 252
44 254
44 257
44 262
44 264
44 267
44 269
44 271
44 280
44 285
44 286
44 288
44 289
44 291
44 292
44 295
44 300
44 305
44 310
44 314
44 319
45 162
45 166
45 167
45 177
45 178
45 179
45 181
45 182
45 184
45 185
45 186
45 187
45 190
45 193
45 196
45 203
45 204
45 205
45 208
45 211
45 216
45 217
45 220
45 224
45 225
45 227
45 229
45 231
45 234
45 240
45 242
45 244
45 245
45 248
45 251
45 252
45 254
45 256
45 262
45 264
45 265
45 269
45 271
45 273
45 274
45 275
45 276
45 280
45 281
45 284
45 286
45 287
45 289
45 292
45 294
45 296
45 297
45 299
45 300
45 303
45 306
45 310
45 311
45 313
45 317
45 319
46 165
46 166
46 168
46 172
46 176
46 180
46 181
46 184
46 189
46 190
46 191
46 193
46 196
46 198
46 199
46 201
46 205
46 206
46 209
46 212
46 215
46 216
46 217
46 218
46 219
46 225
46 228
46 229
46 233
46 235
46 237
46 238
46 239
46 240
46 243
46 250
46 251
46 258
46 259
46 262
46 263
46 264
46 266
46 272
46 274
46 280
46 281
46 283
46 285
46 293
46 296
46 297
46 298
46 304
46 305
46 307
46 318
47 160
47 161
47 162
47 164
47 165
47 166
47 167
47 168
47 169
47 170
47 172
47 173
47 179
47 182
47 183
47 184
47 185
47 187
47 189
47 192
47 193
47 196
47 200
47 201
47 202
47 203
47 207
47 209
47 210
47 211
47 213
47 214
47 216
47 217
47 218
47 224
47 225
47 226
47 228
47 231
47 232
47 237
47 239
47 242
47 243
47 244
47 246
47 248
47 249
47 252
47 253
47 254
47 255
47 257
47 260
47 263
47 265
47 266
47 267
47 271
47 273
47 278
47 282
47 283
47 289
47 290
47 293
47 294
47 295
47 297
47 299
47 300
47 301
47 302
47 304
47 307
47 312
47 313
47 315
47 317
47 319
48 160
48 161
48 162
48 163
48 164
48 166
48 170
48 172
48 175
48 176
48 177
48 181
48 182
48 184
48 186
48 190
48 191
48 194
48 195
48 198
48 200
48 201
48 209
48 211
48 214
48 217
48 226
48 228
48 229
48 230
48 233
48 234
48 235
48 237
48 238
48 240
48 242
48 245
48 247
48 248
48 251
48 254
48 257
48 258
48 263
48 266
48 267
48 270
48 271
48 273
48 275
48 276
48 280
48 284
48 286
48 290
48 291
48 292
48 294
48 298
48 300
48 301
48 306
48 307
48 308
48 309
48 311
48 313
48 318
49 162
49 165
49 167
49 171
49 172
49 173
49 174
49 182
49 183
49 189
49 191
49 197
49 198
49 200
49 203
49 205
49 206
49 210
49 211
49 214
49 215
49 216
49 217
49 220
49 224
49 225
49 235
49 239
49 241
49 242
49 250
49 251
49 252
49 254
49 255
49 256
49 258
49 262
49 263
49 265
49 268
49 269
49 271
49 272
49 277
49 278
49 279
49 283
49 284
49 287
49 291
49 292
49 293
49 296
49 297
49 298
49 305
49 307
49 310
49 317
49 318
50 161
50 162
50 164
50 168
50 170
50 174
50 175
50 178
50 179
50 183
50 185
50 193
50 195
50 197
50 207
50 208
50 209
50 213
50 214
50 215
50 218
50 219
50 221
50 222
50 224
50 226
50 227
50 230
50 235
50 236
50 240
50 241
50 244
50 246
50 250
50 253
50 254
50 257
50 258
50 259
50 260
50 261
50 266
50 267
50 273
50 279
50 280
50 288
50 289
50 294
50 295
50 296
50 297
50 301
50 302
50 303
50 304
50 306
50 307
50 308
50 310
50 318
51 161
51 162
51 163
51 169
51 172
51 174
51 176
51 177
51 180
51 182
51 188
51 189
51 190
51 192
51 195
51 196
51 197
51 198
51 199
51 200
51 202
51 204
51 205
51 206
51 208
51 210
51 211
51 213
51 214
51 216
51 219
51 220
51 221
51 222
51 223
51 224
51 225
51 232
51 238
51 239
51 241
51 242
51 252
51 253
51 256
51 257
51 265
51 275
51 282
51 283
51 285
51 291
51 293
51 294
51 295
51 296
51 299
51 300
51 301
51 304
51 306
51 312
51 316
51 317
52 165
52 167
52 169
52 170
52 176
52 181
52 182
52 184
52 187
52 188
52 191
52 193
52 197
52 199
52 202
52 203
52 205
52 213
52 214
52 216
52 219
52 221
52 225
52 226
52 227
52 230
52 231
52 234
52 235
52 237
52 238
52 239
52 241
52 243
52 244
52 245
52 247
52 249
52 253
52 255
52 257
52 259
52 260
52 262
52 264
52 265
52 266
52 268
52 270
52 278
52 282
52 284
52 285
52 288
52 289
52 291
52 292
52 294
52 295
52 296
52 297
52 299
52 302
52 303
52 308
52 310
52 311
52 318
53 160
53 161
53 163
53 166
53 168
53 169
53 170
53 172
53 173
53 176
53 178
53 180
53 184
53 188
53 190
53 191
53 193
53 196
53 199
53 200
53 202
53 203
53 204
53 207
53 208
53 209
53 213
53 217
53 218
53 219
53 220
53 222
53 229
53 230
53 233
53 235
53 236
53 238
53 242
53 244
53 246
53 248
53 251
53 252
53 253
53 254
53 256
53 261
53 262
53 264
53 267
53 271
53 273
53 282
53 284
53 285
53 287
53 294
53 298
53 299
53 301
53 302
53 304
53 306
53 309
53 311
53 313
53 314
53 316
54 160
54 162
54 164
54 165
54 167
54 168
54 169
54 170
54 172
54 179
54 181
54 190
54 191
54 192
54 194
54 199
54 200
54 202
54 204
54 208
54 209
54 211
54 215
54 219
54 220
54 221
54 222
54 223
54 225
54 228
54 231
54 240
54 241
54 244
54 246
54 248
54 251
54 254
54 258
54 261
54 262
54 264
54 266
54 268
54 270
54 272
54 274
54 275
54 277
54 280
54 281
54 285
54 288
54 291
54 296
54 298
54 302
54 305
54 307
54 309
54 312
54 315
54 316
54 317
54 319
55 161
55 169
55 171
55 175
55 177
55 178
55 179
55 189
55 190
55 192
55 194
55 199
55 200
55 205
55 207
55 211
55 219
55 223
55 224
55 225
55 226
55 230
55 235
55 236
55 237
55 238
55 240
55 242
55 244
55 245
55 246
55 247
55 252
55 253
55 256
55 259
55 261
55 262
55 263
55 266
55 267
55 268
55 269
55 270
55 271
55 272
55 273
55 275
55 276
55 277
55 278
55 283
55 284
55 294
55 297
55 307
55 309
55 310
55 312
55 315
55 316
56 160
56 167
56 169
56 170
56 173
56 174
56 177
56 178
56 181
56 182
56 186
56 187
56 188
56 189
56 193
56 195
56 196
56 199
56 200
56 203
56 204
56 208
56 209
56 212
56 215
56 218
56 221
56 224
56 225
56 228
56 231
56 232
56 233
56 234
56 236
56 237
56 238
56 239
56 240
56 245
56 247
56 248
56 249
56 250
56 252
56 254
56 257
56 261
56 265
56 268
56 274
56 275
56 277
56 280
56 283
56 284
56 285
56 290
56 291
56 295
56 296
56 297
56 300
56 302
56 304
56 306
56 312
56 314
56 315
56 316
56 317
57 170
57 171
57 172
57 175
57 177
57 178
57 181
57 183
57 186
57 188
57 189
57 194
57 197
57 199
57 203
57 204
57 206
57 207
57 210
57 217
57 220
57 221
57 223
57 224
57 233
57 235
57 239
57 243
57 244
57 247
57 251
57 253
57 254
57 257
57 258
57 262
57 264
57 270
57 271
57 273
57 276
57 277
57 283
57 284
57 285
57 287
57 288
57 291
57 295
57 296
57 297
57 300
57 301
57 302
57 306
57 309
57 318
57 319
58 162
58 171
58 173
58 178
58 182
58 185
58 187
58 194
58 205
58 206
58 207
58 213
58 214
58 215
58 216
58 218
58 219
58 233
58 234
58 235
58 236
58 240
58 242
58 250
58 253
58 255
58 258
58 259
58 270
58 276
58 283
58 286
58 288
58 289
58 295
58 300
58 301
58 303
58 307
58 309
58 311
58 315
58 316
59 162
59 164
59 169
59 172
59 175
59 176
59 178
59 179
59 181
59 183
59 185
59 186
59 192
59 195
59 199
59 201
59 204
59 206
59 208
59 209
59 215
59 218
59 219
59 223
59 227
59 228
59 229
59 236
59 239
59 240
59 244
59 248
59 249
59 251
59 254
59 255
59 256
59 259
59 261
59 262
59 269
59 270
59 273
59 278
59 279
59 281
59 282
59 285
59 287
59 294
59 295
59 298
59 303
59 305
59 306
59 309
59 311
59 316
59 317
60 164
60 167
60 168
60 171
60 172
60 173
60 175
60 176
60 181
60 186
60 193
60 194
60 199
60 201
60 202
60 203
60 204
60 206
60 208
60 210
60 213
60 214
60 218
60 222
60 225
60 228
60 229
60 236
60 237
60 239
60 242
60 243
60 244
60 247
60 248
60 253
60 257
60 261
60 263
60 264
60 266
60 271
60 273
60 277
60 280
60 283
60 286
60 287
60 291
60 293
60 295
60 299
60 300
60 305
60 308
60 309
60 310
60 317
61 161
61 162
61 167
61 169
61 170
61 171
61 175
61 177
61 179
61 181
61 184
61 186
61 192
61 194
61 201
61 202
61 203
61 208
61 214
61 218
61 224
61 226
61 227
61 229
61 230
61 231
61 232
61 233
61 237
61 239
61 241
61 243
61 244
61 245
61 249
61 250
61 251
61 253
61 255
61 257
61 258
61 260
61 265
61 268
61 272
61 274
61 278
61 279
61 281
61 284
61 285
61 287
61 288
61 289
61 293
61 294
61 295
61 306
61 309
61 313
61 314
61 317
62 160
62 161
62 163
62 166
62 168
62 169
62 173
62 174
62 176
62 178
62 182
62 183
62 184
62 185
62 193
62 195
62 197
62 198
62 200
62 201
62 202
62 208
62 210
62 213
62 214
62 218
62 223
62 227
62 231
62 233
62 234
62 235
62 240
62 246
62 249
62 250
62 251
62 252
62 253
62 254
62 256
62 258
62 259
62 262
62 264
62 268
62 271
62 275
62 277
62 279
62 281
62 282
62 284
62 286
62 289
62 291
62 292
62 295
62 296
62 297
62 298
62 303
62 307
62 311
62 315
62 317
62 319
63 160
63 162
63 168
63 169
63 170
63 173
63 174
63 175
63 180
63 189
63 191
63 192
63 196
63 199
63 201
63 202
63 203
63 204
63 207
63 208
63 218
63 220
63 223
63 225
63 226
63 229
63 230
63 232
63 233
63 234
63 239
63 248
63 251
63 255
63 261
63 263
63 264
63 266
63 267
63 268
63 269
63 270
63 272
63 273
63 277
63 278
63 281
63 282
63 290
63 295
63 297
63 298
63 300
63 303
63 305
63 306
63 309
63 310
63 314
63 315
63 316
63 317
64 161
64 165
64 167
64 170
64 175
64 176
64 180
64 181
64 182
64 186
64 191
64 193
64 198
64 199
64 201
64 203
64 204
64 206
64 207
64 209
64 210
64 212
64 213
64 228
64 233
64 237
64 238
64 240
64 241
64 243
64 245
64 246
64 248
64 249
64 254
64 256
64 258
64 260
64 262
64 263
64 264
64 266
64 267
64 268
64 269
64 271
64 273
64 275
64 276
64 279
64 281
64 282
64 287
64 288
64 300
64 301
64 304
64 308
64 309
64 311
64 312
64 313
64 314
64 315
65 160
65 166
65 167
65 174
65 175
65 176
65 182
65 183
65 185
65 193
65 194
65 197
65 199
65 207
65 211
65 212
65 213
65 215
65 216
65 217
65 220
65 221
65 224
65 228
65 235
65 236
65 238
65 240
65 241
65 242
65 243
65 244
65 249
65 252
65 253
65 255
65 257
65 258
65 259
65 262
65 263
65 266
65 268
65 275
65 276
65 277
65 278
65 280
65 282
65 288
65 295
65 296
65 302
65 308
65 315
66 161
66 165
66 167
66 168
66 172
66 174
66 177
66 180
66 182
66 184
66 185
66 187
66 193
66 201
66 202
66 204
66 205
66 215
66 216
66 226
66 227
66 228
66 232
66 234
66 235
66 236
66 238
66 240
66 243
66 245
66 249
66 253
66 254
66 255
66 258
66 260
66 273
66 275
66 276
66 284
66 286
66 288
66 290
66 294
66 295
66 296
66 297
66 300
66 301
66 304
66 305
66 309
66 311
66 312
66 313
66 314
66 315
66 319
67 161
67 162
67 163
67 165
67 167
67 169
67 174
67 177
67 178
67 180
67 185
67 190
67 193
67 197
67 199
67 203
67 204
67 209
67 211
67 212
67 213
67 215
67 219
67 220
67 221
67 227
67 229
67 230
67 231
67 234
67 235
67 237
67 238
67 242
67 252
67 253
67 257
67 259
67 260
67 263
67 266
67 267
67 268
67 269
67 270
67 273
67 274
67 276
67 277
67 278
67 280
67 282
67 283
67 287
67 291
67 294
67 295
67 308
67 310
67 311
67 314
67 319
68 161
68 163
68 164
68 166
68 168
68 172
68 173
68 175
68 176
68 177
68 179
68 181
68 182
68 183
68 188
68 193
68 194
68 197
68 199
68 200
68 204
68 207
68 211
68 216
68 218
68 220
68 222
68 224
68 225
68 227
68 230
68 232
68 233
68 235
68 237
68 239
68 242
68 243
68 245
68 247
68 253
68 254
68 256
68 259
68 264
68 272
68 274
68 275
68 277
68 278
68 280
68 282
68 285
68 287
68 288
68 290
68 293
68 298
68 299
68 300
68 302
68 310
68 313
68 319
69 160
69 161
69 166
69 168
69 172
69 177
69 179
69 180
69 184
69 200
69 202
69 205
69 207
69 209
69 210
69 212
69 214
69 215
69 218
69 219
69 220
69 221
69 222
69 226
69 229
69 230
69 231
69 232
69 237
69 239
69 240
69 241
69 243
69 253
69 258
69 260
69 262
69 263
69 264
69 266
69 268
69 270
69 278
69 280
69 281
69 282
69 284
69 291
69 292
69 295
69 298
69 302
69 304
69 305
69 306
69 307
69 313
69 317
70 162
70 164
70 166
70 169
70 173
70 174
70 175
70 176
70 178
70 180
70 185
70 188
70 189
70 193
70 199
70 202
70 208
70 211
70 214
70 219
70 225
70 226
70 229
70 235
70 236
70 237
70 240
70 243
70 244
70 247
70 250
70 252
70 253
70 254
70 256
70 257
70 258
70 259
70 262
70 263
70 267
70 269
70 271
70 273
70 274
70 275
70 276
70 277
70 283
70 284
70 288
70 289
70 292
70 297
70 301
70 305
70 308
70 309
70 311
70 312
70 313
70 315
70 317
70 319
71 164
71 165
71 166
71 169
71 170
71 171
71 172
71 173
71 176
71 177
71 181
71 184
71 185
71 187
71 190
71 192
71 196
71 198
71 209
71 211
71 212
71 213
71 219
71 222
71 227
71 228
71 229
71 239
71 242
71 244
71 245
71 246
71 248
71 260
71 263
71 267
71 269
71 270
71 272
71 274
71 275
71 277
71 280
71 285
71 288
71 290
71 292
71 295
71 296
71 297
71 298
71 299
71 308
71 311
71 314
71 316
72 160
72 161
72 162
72 164
72 167
72 168
72 169
72 175
72 176
72 177
72 180
72 181
72 184
72 186
72 187
72 189
72 193
72 194
72 199
72 200
72 204
72 206
72 212
72 215
72 216
72 218
72 220
72 221
72 224
72 226
72 227
72 229
72 230
72 233
72 238
72 239
72 241
72 242
72 247
72 250
72 252
72 255
72 256
72 258
72 265
72 267
72 272
72 274
72 275
72 276
72 278
72 281
72 282
72 287
72 289
72 290
72 294
72 295
72 296
72 298
72 299
72 303
72 304
72 306
72 308
72 310
72 316
72 318
73 161
73 162
73 163
73 164
73 165
73 168
73 177
73 178
73 181
73 183
73 185
73 186
73 189
73 191
73 193
73 197
73 198
73 203
73 205
73 206
73 207
73 209
73 213
73 214
73 215
73 216
73 217
73 218
73 221
73 222
73 223
73 224
73 229
73 230
73 235
73 237
73 239
73 240
73 241
73 242
73 244
73 246
73 247
73 249
73 250
73 253
73 257
73 258
73 261
73 262
73 263
73 265
73 268
73 269
73 272
73 273
73 274
73 275
73 283
73 284
73 291
73 292
73 297
73 298
73 299
73 300
73 301
73 303
73 304
73 309
73 310
73 311
73 312
73 313
73 315
73 318
74 165
74 166
74 168
74 171
74 173
74 175
74 177
74 178
74 179
74 185
74 189
74 192
74 194
74 198
74 200
74 202
74 203
74 210
74 211
74 212
74 213
74 218
74 219
74 220
74 221
74 223
74 225
74 227
74 229
74 230
74 232
74 233
74 234
74 235
74 236
74 238
74 240
74 241
74 242
74 243
74 244
74 246
74 249
74 250
74 252
74 253
74 254
74 256
74 257
74 258
74 260
74 261
74 265
74 272
74 274
74 275
74 277
74 278
74 279
74 280
74 281
74 282
74 284
74 292
74 293
74 297
74 298
74 299
74 304
74 305
74 306
74 308
74 309
74 310
74 314
74 315
75 161
75 165
75 166
75 168
75 172
75 178
75 179
75 180
75 181
75 190
75 194
75 199
75 203
75 212
75 215
75 216
75 220
75 221
75 228
75 229
75 231
75 232
75 234
75 239
75 242
75 244
75 250
75 254
75 262
75 263
75 264
75 266
75 268
75 270
75 273
75 276
75 278
75 280
75 281
75 282
75 283
75 285
75 286
75 292
75 296
75 297
75 298
75 300
75 305
75 306
75 308
76 160
76 162
76 165
76 168
76 169
76 170
76 171
76 176
76 177
76 179
76 181
76 185
76 186
76 190
76 191
76 195
76 197
76 198
76 201
76 204
76 206
76 207
76 210
76 214
76 216
76 220
76 222
76 223
76 224
76 226
76 233
76 238
76 241
76 244
76 246
76 247
76 248
76 250
76 253
76 257
76 262
76 263
76 264
76 265
76 266
76 267
76 268
76 269
76 270
76 274
76 276
76 278
76 280
76 282
76 288
76 289
76 290
76 294
76 295
76 297
76 298
76 303
76 304
76 305
76 306
76 307
76 312
76 313
76 315
76 316
76 317
76 319
77 167
77 168
77 170
77 173
77 174
77 176
77 177
77 183
77 186
77 190
77 195
77 207
77 208
77 209
77 216
77 217
77 219
77 223
77 227
77 230
77 231
77 234
77 244
77 249
77 250
77 251
77 255
77 256
77 257
77 259
77 260
77 266
77 267
77 269
77 273
77 275
77 277
77 280
77 282
77 283
77 289
77 290
77 295
77 301
77 302
77 304
77 314
77 315
77 316
77 318
78 161
78 164
78 165
78 166
78 167
78 176
78 177
78 178
78 183
78 191
78 194
78 195
78 197
78 198
78 202
78 203
78 204
78 208
78 209
78 210
78 214
78 215
78 218
78 219
78 220
78 223
78 226
78 231
78 232
78 237
78 238
78 240
78 241
78 243
78 244
78 247
78 248
78 253
78 260
78 262
78 264
78 266
78 269
78 273
78 274
78 275
78 278
78 280
78 291
78 295
78 296
78 298
78 299
78 300
78 303
78 305
78 306
78 312
78 313
78 314
78 315
78 318
79 160
79 163
79 172
79 174
79 175
79 177
79 179
79 183
79 185
79 186
79 187
79 188
79 190
79 191
79 192
79 197
79 199
79 202
79 203
79 205
79 206
79 207
79 208
79 209
79 215
79 217
79 218
79 222
79 227
79 228
79 230
79 232
79 233
79 236
79 237
79 238
79 243
79 246
79 247
79 250
79 252
79 257
79 262
79 263
79 264
79 265
79 270
79 275
79 276
79 277
79 278
79 284
79 286
79 288
79 291
79 293
79 294
79 296
79 298
79 301
79 303
79 306
79 307
79 310
79 311
79 312
79 315
79 316
80 160
80 167
80 171
80 172
80 173
80 178
80 179
80 181
80 182
80 186
80 187
80 188
80 193
80 194
80 195
80 198
80 199
80 204
80 205
80 208
80 210
80 216
80 221
80 222
80 223
80 224
80 227
80 229
80 231
80 233
80 235
80 236
80 238
80 241
80 242
80 243
80 245
80 254
80 256
80 258
80 269
80 270
80 272
80 274
80 277
80 281
80 282
80 283
80 285
80 286
80 287
80 288
80 296
80 307
80 308
80 312
80 314
80 316
80 318
80 319
81 164
81 170
81 174
81 175
81 177
81 178
81 188
81 191
81 194
81 196
81 198
81 199
81 203
81 204
81 205
81 206
81 207
81 208
81 209
81 211
81 212
81 213
81 216
81 218
81 219
81 221
81 222
81 223
81 225
81 226
81 227
81 231
81 232
81 233
81 234
81 236
81 239
81 241
81 242
81 245
81 248
81 253
81 254
81 257
81 258
81 265
81 266
81 267
81 272
81 274
81 276
81 279
81 286
81 287
81 288
81 292
81 298
81 302
81 304
81 307
81 309
81 311
81 315
82 160
82 164
82 165
82 166
82 167
82 168
82 169
82 170
82 173
82 175
82 176
82 177
82 180
82 181
82 185
82 186
82 187
82 188
82 191
82 193
82 196
82 197
82 199
82 202
82 204
82 209
82 210
82 211
82 212
82 214
82 219
82 220
82 225
82 228
82 230
82 233
82 234
82 238
82 240
82 241
82 243
82 245
82 246
82 249
82 253
82 255
82 257
82 258
82 263
82 265
82 268
82 269
82 271
82 272
82 275
82 278
82 279
82 281
82 282
82 287
82 288
82 290
82 291
82 292
82 293
82 294
82 295
82 296
82 297
82 298
82 300
82 304
82 309
82 311
82 312
82 313
82 316
82 317
82 319
83 160
83 161
83 164
83 170
83 171
83 173
83 178
83 179
83 181
83 183
83 185
83 186
83 192
83 195
83 196
83 197
83 200
83 201
83 202
83 205
83 207
83 212
83 213
83 216
83 218
83 221
83 225
83 226
83 229
83 237
83 238
83 243
83 245
83 248
83 249
83 251
83 252
83 253
83 254
83 263
83 264
83 265
83 267
83 268
83 271
83 273
83 274
83 275
83 277
83 278
83 280
83 283
83 284
83 285
83 286
83 291
83 292
83 293
83 294
83 297
83 299
83 300
83 302
83 307
83 309
83 310
83 315
83 317
84 160
84 166
84 171
84 175
84 176
84 187
84 192
84 193
84 194
84 195
84 196
84 197
84 199
84 200
84 202
84 204
84 205
84 209
84 213
84 215
84 219
84 220
84 221
84 225
84 232
84 233
84 234
84 236
84 237
84 238
84 240
84 243
84 244
84 245
84 246
84 251
84 255
84 256
84 258
84 260
84 262
84 264
84 266
84 267
84 269
84 270
84 271
84 272
84 274
84 275
84 277
84 288
84 289
84 290
84 292
84 294
84 295
84 296
84 297
84 298
84 299
84 301
84 302
84 304
84 305
84 314
84 315
84 317
84 319
85 160
85 161
85 163
85 166
85 167
85 168
85 170
85 174
85 177
85 183
85 190
85 191
85 194
85 202
85 204
85 209
85 210
85 213
85 216
85 217
85 219
85 222
85 223
85 224
85 225
85 229
85 232
85 235
85 237
85 238
85 239
85 246
85 247
85 250
85 253
85 262
85 263
85 265
85 266
85 267
85 268
85 270
85 272
85 274
85 275
85 278
85 279
85 283
85 286
85 287
85 288
85 289
85 291
85 293
85 294
85 296
85 299
85 300
85 302
85 307
85 308
85 309
85 313
85 315
86 160
86 161
86 164
86 165
86 166
86 167
86 171
86 176
86 178
86 179
86 183
86 184
86 189
86 192
86 197
86 204
86 208
86 214
86 219
86 221
86 222
86 223
86 230
86 232
86 233
86 235
86 237
86 240
86 241
86 242
86 244
86 248
86 249
86 251
86 252
86 253
86 254
86 255
86 261
86 264
86 265
86 268
86 270
86 271
86 274
86 279
86 282
86 286
86 287
86 290
86 295
86 297
86 301
86 302
86 305
86 307
86 312
86 316
86 318
87 161
87 165
87 167
87 168
87 170
87 171
87 173
87 175
87 177
87 180
87 182
87 183
87 186
87 189
87 190
87 191
87 195
87 197
87 199
87 202
87 203
87 206
87 213
87 214
87 215
87 224
87 228
87 229
87 232
87 233
87 237
87 238
87 241
87 243
87 245
87 246
87 247
87 253
87 254
87 256
87 259
87 260
87 263
87 266
87 275
87 282
87 283
87 285
87 287
87 288
87 290
87 293
87 296
87 302
87 304
87 310
87 311
87 312
87 314
87 317
87 318
88 161
88 162
88 165
88 169
88 173
88 174
88 178
88 180
88 184
88 198
88 201
88 204
88 208
88 209
88 213
88 214
88 215
88 220
88 222
88 224
88 227
88 230
88 231
88 236
88 239
88 240
88 241
88 243
88 244
88 245
88 246
88 247
88 256
88 257
88 260
88 261
88 262
88 272
88 281
88 283
88 285
88 286
88 292
88 294
88 297
88 299
88 304
88 306
88 307
88 313
88 318
89 167
89 169
89 174
89 176
89 178
89 180
89 181
89 182
89 183
89 185
89 187
89 188
89 190
89 196
89 199
89 201
89 203
89 206
89 208
89 213
89 215
89 216
89 217
89 218
89 219
89 220
89 221
89 222
89 225
89 227
89 229
89 230
89 231
89 235
89 236
89 242
89 243
89 246
89 248
89 249
89 250
89 251
89 253
89 254
89 256
89 262
89 263
89 264
89 270
89 271
89 274
89 278
89 281
89 283
89 284
89 290
89 291
89 292
89 295
89 296
89 297
89 298
89 299
89 301
89 307
89 308
89 309
89 312
89 314
89 316
89 317
89 318
90 162
90 164
90 166
90 169
90 173
90 174
90 175
90 176
90 179
90 180
90 182
90 184
90 186
90 190
90 193
90 194
90 197
90 198
90 201
90 202
90 204
90 205
90 206
90 207
90 208
90 209
90 211
90 217
90 218
90 220
90 221
90 225
90 226
90 227
90 228
90 230
90 233
90 236
90 238
90 240
90 248
90 251
90 259
90 260
90 262
90 267
90 278
90 281
90 282
90 284
90 290
90 292
90 293
90 295
90 296
90 297
90 300
90 303
90 304
90 305
90 309
90 318
91 165
91 166
91 172
91 173
91 176
91 179
91 181
91 183
91 184
91 189
91 191
91 193
91 194
91 195
91 197
91 198
91 200
91 203
91 204
91 208
91 209
91 211
91 214
91 217
91 218
91 219
91 220
91 222
91 226
91 229
91 230
91 232
91 234
91 235
91 236
91 243
91 244
91 248
91 249
91 251
91 253
91 254
91 257
91 258
91 262
91 265
91 266
91 267
91 268
91 269
91 273
91 274
91 275
91 276
91 277
91 279
91 290
91 291
91 294
91 295
91 297
91 298
91 303
91 305
91 306
91 307
91 310
91 311
91 315
91 316
91 317
92 160
92 161
92 162
92 165
92 166
92 167
92 170
92 173
92 174
92 176
92 177
92 180
92 182
92 184
92 187
92 188
92 190
92 193
92 194
92 195
92 196
92 200
92 206
92 208
92 211
92 212
92 215
92 222
92 227
92 228
92 230
92 232
92 234
92 237
92 246
92 247
92 248
92 250
92 256
92 257
92 262
92 265
92 267
92 271
92 272
92 273
92 278
92 279
92 283
92 284
92 285
92 292
92 297
92 299
92 300
92 301
92 302
92 305
92 306
92 307
92 310
92 313
92 319
93 161
93 163
93 170
93 173
93 174
93 180
93 181
93 187
93 188
93 189
93 191
93 192
93 193
93 194
93 195
93 197
93 202
93 204
93 206
93 208
93 209
93 212
93 217
93 220
93 221
93 222
93 229
93 230
93 232
93 234
93 235
93 236
93 239
93 243
93 245
93 247
93 248
93 250
93 252
93 253
93 254
93 259
93 260
93 263
93 264
93 265
93 267
93 269
93 270
93 272
93 273
93 276
93 278
93 282
93 289
93 294
93 296
93 300
93 301
93 303
93 305
93 306
93 309
93 314
93 317
93 319
94 160
94 162
94 163
94 165
94 168
94 172
94 176
94 179
94 180
94 181
94 186
94 189
94 191
94 194
94 197
94 198
94 199
94 200
94 203
94 205
94 206
94 207
94 208
94 210
94 211
94 216
94 217
94 218
94 219
94 220
94 222
94 223
94 225
94 229
94 232
94 233
94 235
94 238
94 241
94 243
94 246
94 247
94 250
94 252
94 253
94 254
94 258
94 259
94 260
94 263
94 264
94 265
94 266
94 268
94 273
94 274
94 275
94 276
94 277
94 278
94 281
94 291
94 293
94 300
94 301
94 309
94 313
94 315
94 316
94 317
94 319
95 160
95 161
95 162
95 163
95 164
95 166
95 168
95 173
95 174
95 177
95 180
95 181
95 182
95 188
95 195
95 200
95 202
95 203
95 212
95 214
95 217
95 218
95 219
95 221
95 224
95 225
95 230
95 232
95 234
95 242
95 245
95 246
95 251
95 253
95 256
95 257
95 258
95 259
95 262
95 264
95 265
95 267
95 268
95 269
95 272
95 274
95 276
95 277
95 281
95 294
95 296
95 299
95 301
95 308
95 309
95 311
95 312
95 313
95 317
96 161
96 162
96 163
96 164
96 167
96 168
96 170
96 173
96 177
96 178
96 179
96 182
96 184
96 192
96 194
96 195
96 196
96 198
96 203
96 205
96 209
96 211
96 213
96 217
96 220
96 229
96 231
96 235
96 236
96 237
96 242
96 243
96 245
96 246
96 249
96 254
96 255
96 258
96 259
96 265
96 266
96 268
96 274
96 277
96 279
96 280
96 281
96 282
96 285
96 286
96 287
96 288
96 289
96 291
96 293
96 295
96 296
96 302
96 305
96 306
96 307
96 312
96 315
96 316
96 319
97 161
97 163
97 164
97 169
97 170
97 171
97 173
97 174
97 175
97 179
97 184
97 188
97 194
97 195
97 196
97 205
97 206
97 207
97 210
97 212
97 213
97 220
97 224
97 225
97 227
97 238
97 239
97 246
97 247
97 248
97 250
97 265
97 271
97 272
97 276
97 278
97 281
97 282
97 283
97 288
97 291
97 292
97 293
97 295
97 296
97 299
97 301
97 302
97 305
97 307
97 308
97 313
97 314
97 317
98 160
98 163
98 167
98 169
98 170
98 171
98 177
98 180
98 185
98 188
98 189
98 192
98 193
98 195
98 196
98 197
98 198
98 201
98 203
98 210
98 213
98 216
98 217
98 220
98 223
98 226
98 228
98 238
98 241
98 243
98 244
98 250
98 251
98 252
98 254
98 260
98 263
98 265
98 268
98 274
98 275
98 286
98 289
98 290
98 295
98 296
98 298
98 300
98 301
98 302
98 303
98 306
98 307
98 308
98 309
98 314
98 318
98 319
99 162
99 164
99 166
99 170
99 173
99 175
99 178
99 181
99 187
99 188
99 190
99 193
99 196
99 198
99 201
99 202
99 203
99 206
99 213
99 217
99 219
99 223
99 224
99 226
99 230
99 231
99 233
99 234
99 237
99 238
99 245
99 248
99 251
99 256
99 258
99 260
99 261
99 268
99 274
99 276
99 277
99 278
99 284
99 285
99 286
99 287
99 296
99 297
99 299
99 305
99 306
99 309
99 310
99 314
99 315
100 161
100 165
100 166
100 168
100 169
100 170
100 173
100 174
100 175
100 177
100 179
100 180
100 183
100 184
100 186
100 187
100 188
100 191
100 193
100 197
100 200
100 202
100 205
100 206
100 207
100 210
100 212
100 220
100 223
100 224
100 228
100 229
100 230
100 231
100 234
100 235
100 238
100 239
100 240
100 244
100 246
100 248
100 249
100 255
100 257
100 260
100 262
100 264
100 265
100 266
100 267
100 270
100 272
100 273
100 274
100 281
100 285
100 287
100 289
100 291
100 293
100 294
100 295
100 297
100 298
100 299
100 302
100 303
100 307
100 308
100 310
100 312
100 316
100 318
101 161
101 164
101 168
101 169
101 171
101 173
101 174
101 178
101 181
101 182
101 185
101 186
101 187
101 191
101 203
101 206
101 207
101 208
101 209
101 210
101 212
101 213
101 214
101 215
101 218
101 219
101 220
101 221
101 222
101 225
101 227
101 231
101 232
101 234
101 236
101 237
101 238
101 241
101 246
101 247
101 248
101 250
101 259
101 260
101 263
101 264
101 266
101 270
101 271
101 274
101 277
101 287
101 290
101 292
101 297
101 298
101 299
101 306
101 307
101 313
101 314
101 315
101 316
101 317
101 318
102 162
102 163
102 164
102 165
102 169
102 170
102 171
102 172
102 174
102 176
102 177
102 179
102 180
102 182
102 185
102 186
102 187
102 188
102 189
102 191
102 193
102 195
102 197
102 199
102 206
102 210
102 213
102 215
102 220
102 221
102 222
102 226
102 227
102 230
102 234
102 236
102 239
102 242
102 246
102 250
102 252
102 261
102 266
102 267
102 268
102 270
102 272
102 273
102 275
102 276
102 277
102 279
102 281
102 294
102 300
102 301
102 314
102 319
103 163
103 165
103 174
103 176
103 178
103 181
103 182
103 186
103 194
103 198
103 199
103 204
103 206
103 210
103 211
103 213
103 218
103 219
103 221
103 222
103 223
103 225
103 227
103 228
103 229
103 230
103 232
103 234
103 239
103 241
103 242
103 244
103 246
103 247
103 249
103 250
103 252
103 253
103 258
103 261
103 262
103 264
103 266
103 273
103 274
103 275
103 276
103 277
103 278
103 284
103 285
103 290
103 291
103 293
103 295
103 304
103 306
103 307
103 308
103 310
103 312
103 314
103 315
103 319
104 162
104 164
104 165
104 176
104 182
104 186
104 187
104 197
104 201
104 203
104 205
104 207
104 211
104 214
104 217
104 218
104 220
104 222
104 226
104 232
104 233
104 236
104 240
104 241
104 245
104 248
104 250
104 251
104 256
104 259
104 262
104 264
104 267
104 269
104 274
104 275
104 278
104 281
104 282
104 283
104 285
104 286
104 287
104 294
104 300
104 304
104 311
104 312
104 314
104 317
105 163
105 170
105 172
105 174
105 175
105 177
105 178
105 180
105 183
105 186
105 187
105 189
105 190
105 196
105 200
105 201
105 204
105 207
105 211
105 213
105 214
105 217
105 218
105 221
105 225
105 228
105 229
105 233
105 234
105 238
105 243
105 245
105 246
105 255
105 256
105 257
105 258
105 259
105 266
105 272
105 273
105 277
105 278
105 279
105 282
105 283
105 288
105 290
105 294
105 298
105 300
105 303
105 306
105 311
105 312
105 317
106 160
106 161
106 164
106 165
106 166
106 169
106 170
106 171
106 173
106 174
106 177
106 181
106 190
106 193
106 196
106 200
106 202
106 203
106 205
106 209
106 211
106 214
106 215
106 216
106 217
106 219
106 222
106 223
106 224
106 227
106 229
106 230
106 232
106 233
106 238
106 239
106 240
106 241
106 244
106 247
106 256
106 260
106 263
106 264
106 266
106 273
106 278
106 280
106 282
106 284
106 285
106 287
106 289
106 290
106 291
106 292
106 293
106 294
106 295
106 305
106 306
106 310
106 312
106 315
106 317
106 318
107 160
107 165
107 170
107 171
107 172
107 177
107 185
107 187
107 189
107 194
107 197
107 198
107 199
107 204
107 207
107 209
107 211
107 213
107 215
107 224
107 228
107 229
107 230
107 236
107 237
107 240
107 242
107 245
107 246
107 252
107 253
107 254
107 256
107 257
107 258
107 259
107 260
107 261
107 264
107 265
107 266
107 267
107 268
107 269
107 270
107 273
107 274
107 278
107 279
107 286
107 287
107 291
107 293
107 295
107 297
107 298
107 300
107 302
107 303
107 307
107 308
107 313
107 316
107 317
107 319
108 161
108 162
108 167
108 170
108 171
108 172
108 174
108 176
108 178
108 182
108 185
108 186
108 187
108 188
108 189
108 190
108 194
108 195
108 196
108 199
108 204
108 207
108 214
108 215
108 216
108 218
108 219
108 225
108 227
108 229
108 231
108 233
108 234
108 238
108 242
108 243
108 246
108 248
108 251
108 252
108 255
108 258
108 271
108 272
108 276
108 278
108 285
108 287
108 291
108 293
108 296
108 302
108 303
108 308
108 309
108 310
108 312
108 316
108 317
109 161
109 162
109 165
109 166
109 170
109 179
109 182
109 187
109 189
109 193
109 196
109 199
109 204
109 206
109 207
109 208
109 215
109 217
109 218
109 219
109 221
109 222
109 224
109 228
109 232
109 233
109 240
109 244
109 249
109 251
109 252
109 254
109 256
109 257
109 258
109 261
109 264
109 265
109 267
109 271
109 272
109 275
109 276
109 282
109 283
109 285
109 287
109 288
109 289
109 292
109 293
109 297
109 304
109 305
109 306
109 307
109 310
109 313
109 315
109 316
109 318
110 160
110 161
110 162
110 166
110 167
110 172
110 175
110 176
110 180
110 183
110 190
110 193
110 194
110 195
110 196
110 197
110 198
110 199
110 203
110 205
110 206
110 212
110 213
110 214
110 219
110 220
110 222
110 223
110 224
110 225
110 227
110 228
110 230
110 231
110 233
110 234
110 235
110 236
110 238
110 240
110 244
110 248
110 249
110 250
110 253
110 257
110 258
110 260
110 265
110 277
110 280
110 282
110 284
110 285
110 288
110 291
110 292
110 293
110 294
110 296
110 301
110 305
110 306
110 307
110 308
110 311
110 313
110 314
110 316
111 162
111 163
111 164
111 165
111 167
111 168
111 170
111 174
111 175
111 176
111 178
111 179
111 180
111 181
111 184
111 186
111 190
111 193
111 196
111 198
111 199
111 201
111 202
111 204
111 205
111 207
111 212
111 213
111 215
111 222
111 223
111 224
111 227
111 228
111 231
111 235
111 237
111 238
111 240
111 243
111 249
111 250
111 251
111 252
111 253
111 255
111 257
111 260
111 262
111 263
111 264
111 266
111 267
111 268
111 269
111 271
111 278
111 279
111 280
111 281
111 283
111 284
111 287
111 288
111 289
111 290
111 291
111 293
111 294
111 295
111 297
111 302
111 304
111 306
111 309
111 312
111 313
111 314
111 316
112 168
112 172
112 174
112 175
112 177
112 179
112 182
112 185
112 187
112 188
112 189
112 192
112 195
112 196
112 198
112 200
112 203
112 206
112 208
112 215
112 216
112 217
112 219
112 221
112 222
112 227
112 228
112 231
112 233
112 238
112 242
112 243
112 249
112 250
112 251
112 253
112 255
112 258
112 262
112 266
112 275
112 278
112 281
112 283
112 284
112 286
112 289
112 291
112 292
112 293
112 295
112 304
112 306
112 307
112 316
113 160
113 163
113 170
113 171
113 174
113 175
113 177
113 178
113 182
113 183
113 184
113 186
113 189
113 190
113 192
113 193
113 194
113 200
113 203
113 206
113 212
113 213
113 214
113 217
113 221
113 224
113 227
113 229
113 232
113 233
113 234
113 235
113 237
113 243
113 250
113 254
113 260
113 268
113 269
113 270
113 275
113 276
113 280
113 281
113 282
113 284
113 288
113 292
113 293
113 298
113 303
113 304
113 306
113 308
113 309
113 310
113 312
113 314
113 315
113 316
113 318
114 161
114 162
114 164
114 167
114 168
114 170
114 173
114 177
114 178
114 179
114 180
114 184
114 189
114 190
114 191
114 192
114 193
114 196
114 197
114 200
114 202
114 204
114 205
114 206
114 210
114 212
114 214
114 215
114 217
114 218
114 220
114 221
114 226
114 228
114 231
114 233
114 240
114 243
114 251
114 252
114 257
114 260
114 264
114 265
114 268
114 273
114 276
114 279
114 281
114 287
114 293
114 295
114 300
114 302
114 304
114 305
114 307
114 308
114 313
114 314
114 317
114 319
115 160
115 161
115 162
115 163
115 166
115 168
115 169
115 173
115 174
115 178
115 182
115 185
115 186
115 187
115 195
115 196
115 198
115 201
115 202
115 204
115 208
115 210
115 212
115 213
115 214
115 215
115 217
115 218
115 220
115 223
115 234
115 235
115 236
115 239
115 240
115 241
115 243
115 244
115 245
115 253
115 255
115 256
115 257
115 258
115 262
115 264
115 265
115 267
115 274
115 279
115 283
115 285
115 288
115 291
115 295
115 296
115 300
115 301
115 303
115 305
115 306
115 307
115 310
115 311
115 312
115 316
115 317
116 160
116 163
116 164
116 166
116 168
116 173
116 175
116 176
116 178
116 182
116 184
116 188
116 190
116 195
116 196
116 199
116 201
116 203
116 205
116 206
116 208
116 213
116 214
116 215
116 219
116 221
116 228
116 230
116 235
116 236
116 237
116 238
116 239
116 241
116 244
116 245
116 247
116 248
116 250
116 254
116 256
116 258
116 260
116 262
116 263
116 264
116 265
116 268
116 274
116 281
116 282
116 283
116 285
116 287
116 288
116 291
116 292
116 293
116 296
116 298
116 301
116 302
116 304
116 305
116 309
116 311
116 312
116 315
116 316
116 319
117 163
117 167
117 169
117 172
117 174
117 176
117 178
117 179
117 183
117 192
117 193
117 196
117 198
117 199
117 201
117 203
117 204
117 205
117 207
117 210
117 215
117 220
117 222
117 223
117 225
117 226
117 227
117 229
117 231
117 233
117 234
117 239
117 241
117 243
117 246
117 248
117 250
117 251
117 254
117 259
117 261
117 263
117 270
117 271
117 274
117 277
117 278
117 280
117 281
117 285
117 286
117 287
117 290
117 292
117 299
117 302
117 306
117 307
117 309
117 315
117 316
117 318
118 162
118 167
118 168
118 169
118 170
118 171
118 176
118 180
118 184
118 185
118 187
118 189
118 190
118 193
118 196
118 197
118 200
118 201
118 203
118 210
118 214
118 215
118 216
118 218
118 220
118 221
118 225
118 226
118 228
118 229
118 232
118 236
118 238
118 239
118 240
118 243
118 245
118 246
118 248
118 249
118 251
118 253
118 255
118 256
118 257
118 258
118 260
118 262
118 263
118 264
118 266
118 269
118 273
118 275
118 276
118 280
118 281
118 286
118 289
118 290
118 291
118 293
118 296
118 302
118 304
118 305
118 306
118 311
118 312
118 314
118 317
118 318
119 163
119 166
119 180
119 181
119 186
119 188
119 192
119 197
119 200
119 201
119 204
119 205
119 209
119 216
119 218
119 222
119 224
119 225
119 226
119 227
119 229
119 230
119 232
119 235
119 237
119 238
119 239
119 240
119 242
119 244
119 246
119 250
119 252
119 259
119 263
119 265
119 267
119 275
119 277
119 279
119 281
119 282
119 283
119 287
119 288
119 291
119 292
119 293
119 297
119 298
119 299
119 302
119 304
119 308
119 315
119 316
119 318
120 162
120 163
120 164
120 166
120 169
120 174
120 175
120 180
120 188
120 189
120 191
120 192
120 194
120 195
120 196
120 202
120 205
120 208
120 209
120 213
120 218
120 225
120 231
120 235
120 236
120 237
120 239
120 245
120 249
120 252
120 254
120 257
120 260
120 261
120 266
120 270
120 273
120 275
120 279
120 280
120 281
120 283
120 285
120 286
120 290
120 293
120 302
120 305
120 307
120 308
120 311
120 312
120 315
121 160
121 162
121 168
121 170
121 173
121 174
121 175
121 177
121 180
121 181
121 183
121 185
121 186
121 189
121 193
121 197
121 198
121 207
121 208
121 209
121 213
121 215
121 217
121 219
121 220
121 232
121 233
121 234
121 238
121 239
121 240
121 244
121 249
121 256
121 258
121 259
121 260
121 265
121 274
121 278
121 280
121 281
121 282
121 285
121 287
121 290
121 293
121 294
121 296
121 303
121 304
121 305
121 309
121 311
121 312
121 316
122 161
122 164
122 166
122 167
122 169
122 170
122 171
122 173
122 175
122 176
122 177
122 178
122 179
122 180
122 182
122 183
122 185
122 186
122 189
122 192
122 195
122 200
122 202
122 203
122 206
122 207
122 209
122 210
122 211
122 215
122 218
122 222
122 226
122 230
122 233
122 236
122 241
122 245
122 246
122 249
122 250
122 254
122 255
122 256
122 260
122 262
122 264
122 266
122 267
122 270
122 276
122 278
122 279
122 284
122 285
122 292
122 302
122 306
122 307
122 308
122 310
122 311
122 312
122 313
122 316
122 319
123 163
123 169
123 170
123 171
123 172
123 173
123 178
123 179
123 182
123 188
123 189
123 190
123 191
123 192
123 194
123 200
123 202
123 211
123 214
123 216
123 220
123 223
123 225
123 226
123 228
123 232
123 233
123 237
123 238
123 245
123 246
123 248
123 250
123 251
123 252
123 253
123 256
123 260
123 267
123 268
123 271
123 275
123 281
123 282
123 286
123 288
123 290
123 292
123 293
123 294
123 296
123 298
123 299
123 302
123 303
123 305
123 306
123 308
123 309
123 312
123 314
123 316
124 160
124 161
124 162
124 164
124 165
124 166
124 169
124 172
124 173
124 181
124 182
124 183
124 186
124 187
124 191
124 193
124 195
124 203
124 207
124 208
124 211
124 223
124 225
124 226
124 227
124 235
124 236
124 241
124 244
124 248
124 249
124 250
124 257
124 263
124 264
124 269
124 270
124 271
124 273
124 274
124 285
124 288
124 289
124 291
124 292
124 293
124 295
124 296
124 297
124 301
124 303
124 304
124 305
124 312
124 313
124 314
125 160
125 162
125 163
125 164
125 167
125 168
125 170
125 173
125 176
125 180
125 181
125 187
125 190
125 194
125 196
125 198
125 201
125 202
125 205
125 206
125 211
125 212
125 213
125 216
125 217
125 219
125 221
125 231
125 232
125 241
125 249
125 254
125 259
125 261
125 265
125 268
125 269
125 275
125 276
125 277
125 282
125 285
125 287
125 288
125 289
125 292
125 293
125 295
125 303
125 305
125 307
125 308
125 309
125 312
125 314
125 316
125 317
125 318
126 160
126 162
126 165
126 167
126 172
126 173
126 174
126 175
126 176
126 178
126 182
126 183
126 185
126 186
126 189
126 190
126 192
126 194
126 197
126 198
126 201
126 203
126 208
126 210
126 211
126 213
126 219
126 225
126 230
126 231
126 232
126 237
126 238
126 239
126 240
126 245
126 246
126 253
126 254
126 255
126 257
126 262
126 265
126 268
126 271
126 272
126 273
126 275
126 276
126 277
126 280
126 281
126 282
126 287
126 289
126 290
126 298
126 302
126 305
126 306
126 308
126 311
126 312
126 313
126 319
127 161
127 163
127 165
127 168
127 170
127 173
127 175
127 176
127 178
127 181
127 184
127 188
127 189
127 190
127 195
127 199
127 202
127 203
127 204
127 210
127 213
127 214
127 215
127 216
127 219
127 220
127 221
127 222
127 226
127 231
127 234
127 235
127 240
127 242
127 243
127 244
127 247
127 248
127 250
127 253
127 254
127 255
127 256
127 257
127 260
127 262
127 265
127 266
127 270
127 271
127 273
127 277
127 279
127 284
127 286
127 288
127 291
127 294
127 295
127 300
127 302
127 304
127 306
127 307
127 310
127 311
127 314
127 315
127 317
127 319
128 164
128 167
128 168
128 170
128 173
128 174
128 176
128 181
128 182
128 183
128 184
128 185
128 188
128 191
128 192
128 195
128 196
128 202
128 203
128 205
128 206
128 209
128 211
128 213
128 216
128 217
128 224
128 226
128 227
128 232
128 235
128 236
128 237
128 238
128 239
128 241
128 243
128 244
128 245
128 247
128 249
128 251
128 254
128 258
128 260
128 261
128 262
128 264
128 265
128 267
128 268
128 269
128 270
128 272
128 275
128 279
128 287
128 288
128 289
128 292
128 293
128 294
128 295
128 296
128 297
128 300
128 308
128 309
128 311
128 315
128 316
129 160
129 161
129 162
129 163
129 164
129 169
129 170
129 171
129 172
129 177
129 178
129 179
129 181
129 182
129 183
129 185
129 189
129 194
129 198
129 201
129 205
129 211
129 212
129 217
129 220
129 225
129 230
129 232
129 236
129 242
129 244
129 246
129 247
129 250
129 251
129 256
129 257
129 260
129 261
129 263
129 266
129 267
129 270
129 271
129 272
129 273
129 294
129 297
129 302
129 303
129 310
129 311
129 314
129 315
129 318
129 319
130 161
130 162
130 165
130 168
130 170
130 171
130 172
130 173
130 174
130 175
130 176
130 178
130 181
130 184
130 186
130 188
130 189
130 190
130 191
130 193
130 196
130 198
130 200
130 211
130 212
130 213
130 214
130 216
130 217
130 218
130 221
130 223
130 226
130 230
130 232
130 234
130 237
130 240
130 241
130 242
130 249
130 255
130 256
130 261
130 264
130 267
130 268
130 269
130 270
130 271
130 273
130 275
130 278
130 282
130 291
130 295
130 297
130 298
130 300
130 301
130 306
130 307
130 308
130 311
130 313
130 316
131 160
131 161
131 162
131 163
131 166
131 168
131 170
131 173
131 180
131 188
131 189
131 195
131 199
131 200
131 201
131 203
131 204
131 205
131 211
131 212
131 213
131 215
131 216
131 219
131 223
131 224
131 225
131 227
131 228
131 230
131 240
131 241
131 243
131 246
131 248
131 249
131 254
131 258
131 261
131 262
131 263
131 265
131 266
131 273
131 277
131 283
131 284
131 285
131 286
131 288
131 289
131 292
131 295
131 297
131 298
131 299
131 306
131 308
131 309
131 310
131 313
131 315
131 316
132 162
132 163
132 164
132 167
132 176
132 177
132 178
132 181
132 182
132 183
132 187
132 189
132 195
132 196
132 198
132 199
132 202
132 204
132 205
132 208
132 210
132 219
132 221
132 228
132 229
132 230
132 231
132 234
132 235
132 238
132 240
132 241
132 242
132 243
132 245
132 247
132 251
132 255
132 256
132 258
132 261
132 266
132 267
132 269
132 275
132 280
132 281
132 292
132 293
132 296
132 300
132 304
132 306
132 307
132 308
132 314
132 317
132 318
132 319
133 163
133 164
133 167
133 168
133 172
133 174
133 176
133 177
133 179
133 180
133 185
133 187
133 188
133 191
133 194
133 199
133 204
133 205
133 207
133 208
133 210
133 212
133 213
133 214
133 216
133 223
133 229
133 230
133 231
133 238
133 239
133 240
133 245
133 247
133 253
133 256
133 257
133 259
133 260
133 262
133 263
133 266
133 269
133 270
133 275
133 277
133 278
133 282
133 284
133 287
133 289
133 290
133 291
133 292
133 298
133 299
133 301
133 302
133 304
133 307
133 308
133 309
133 310
133 312
133 315
133 316
133 317
133 319
134 161
134 165
134 166
134 167
134 175
134 178
134 181
134 186
134 187
134 191
134 193
134 195
134 196
134 197
134 199
134 201
134 202
134 204
134 206
134 208
134 209
134 213
134 221
134 223
134 224
134 227
134 228
134 229
134 231
134 240
134 241
134 246
134 250
134 251
134 253
134 254
134 255
134 258
134 259
134 260
134 262
134 265
134 267
134 268
134 269
134 270
134 272
134 274
134 278
134 281
134 282
134 285
134 288
134 289
134 291
134 292
134 294
134 296
134 298
134 301
134 304
134 305
134 308
134 309
134 314
134 318
134 319
135 162
135 167
135 168
135 173
135 182
135 183
135 186
135 187
135 189
135 190
135 191
135 192
135 194
135 195
135 196
135 198
135 199
135 202
135 208
135 209
135 210
135 212
135 213
135 219
135 220
135 221
135 227
135 235
135 237
135 240
135 244
135 246
135 249
135 250
135 257
135 260
135 261
135 264
135 265
135 268
135 270
135 272
135 274
135 275
135 278
135 279
135 281
135 282
135 284
135 286
135 287
135 290
135 292
135 294
135 295
135 297
135 301
135 302
135 304
135 306
135 308
135 309
135 314
135 316
135 318
136 160
136 161
136 165
136 167
136 168
136 169
136 170
136 172
136 178
136 185
136 194
136 197
136 200
136 204
136 206
136 207
136 208
136 209
136 210
136 211
136 212
136 213
136 216
136 217
136 221
136 225
136 226
136 228
136 233
136 234
136 235
136 242
136 249
136 252
136 254
136 255
136 257
136 259
136 261
136 267
136 269
136 270
136 271
136 273
136 274
136 281
136 282
136 286
136 293
136 294
136 296
136 297
136 302
136 304
136 305
136 306
136 307
136 313
136 318
136 319
137 160
137 163
137 164
137 165
137 167
137 168
137 170
137 172
137 173
137 175
137 178
137 180
137 181
137 184
137 187
137 188
137 190
137 193
137 196
137 198
137 200
137 201
137 202
137 203
137 207
137 208
137 212
137 214
137 223
137 225
137 227
137 232
137 234
137 241
137 242
137 246
137 251
137 253
137 256
137 257
137 259
137 260
137 265
137 266
137 267
137 270
137 272
137 273
137 277
137 278
137 285
137 287
137 290
137 293
137 294
137 295
137 296
137 299
137 300
137 302
137 303
137 306
137 309
137 310
137 312
137 314
137 315
137 317
137 318
138 161
138 162
138 166
138 168
138 170
138 171
138 173
138 178
138 180
138 181
138 182
138 183
138 185
138 186
138 188
138 189
138 195
138 200
138 201
138 203
138 204
138 208
138 211
138 212
138 215
138 218
138 220
138 222
138 224
138 228
138 230
138 231
138 233
138 235
138 237
138 239
138 240
138 245
138 250
138 253
138 256
138 259
138 260
138 263
138 264
138 265
138 266
138 268
138 269
138 270
138 278
138 281
138 282
138 288
138 289
138 292
138 295
138 298
138 299
138 301
138 303
138 308
138 312
138 313
138 316
138 317
138 318
138 319
139 167
139 168
139 169
139 170
139 171
139 172
139 175
139 177
139 180
139 183
139 185
139 187
139 191
139 193
139 195
139 198
139 199
139 202
139 204
139 206
139 211
139 213
139 217
139 220
139 222
139 224
139 227
139 228
139 229
139 230
139 236
139 239
139 246
139 247
139 248
139 250
139 251
139 253
139 255
139 258
139 259
139 263
139 264
139 266
139 268
139 269
139 273
139 275
139 276
139 278
139 279
139 281
139 282
139 283
139 284
139 286
139 290
139 291
139 292
139 295
139 296
139 300
139 302
139 308
139 314
139 315
139 317
139 318
139 319
140 161
140 165
140 166
140 167
140 171
140 175
140 176
140 177
140 180
140 183
140 186
140 187
140 188
140 189
140 190
140 212
140 213
140 217
140 220
140 221
140 226
140 229
140 230
140 233
140 235
140 238
140 239
140 242
140 243
140 247
140 250
140 251
140 254
140 256
140 258
140 262
140 267
140 271
140 272
140 276
140 277
140 278
140 279
140 284
140 286
140 288
140 289
140 290
140 293
140 294
140 296
140 301
140 302
140 303
140 306
140 307
140 314
140 315
140 317
141 161
141 162
141 163
141 168
141 171
141 174
141 177
141 179
141 181
141 185
141 187
141 188
141 192
141 193
141 194
141 200
141 201
141 205
141 206
141 207
141 211
141 218
141 219
141 221
141 224
141 225
141 226
141 230
141 233
141 237
141 238
141 242
141 244
141 245
141 247
141 250
141 253
141 254
141 255
141 256
141 260
141 261
141 263
141 264
141 269
141 275
141 277
141 280
141 283
141 286
141 294
141 295
141 296
141 297
141 300
141 302
141 303
141 306
141 310
141 311
141 314
141 315
141 317
141 318
141 319
142 160
142 171
142 173
142 174
142 175
142 180
142 181
142 188
142 189
142 191
142 193
142 196
142 199
142 201
142 202
142 203
142 204
142 205
142 206
142 207
142 210
142 218
142 219
142 222
142 224
142 225
142 226
142 227
142 228
142 230
142 233
142 235
142 237
142 238
142 239
142 240
142 241
142 242
142 243
142 244
142 248
142 249
142 250
142 253
142 254
142 255
142 258
142 260
142 262
142 265
142 269
142 276
142 282
142 287
142 288
142 289
142 291
142 293
142 294
142 296
142 297
142 298
142 302
142 305
142 306
142 310
142 314
142 315
142 316
142 317
143 160
143 161
143 165
143 166
143 169
143 172
143 173
143 176
143 177
143 178
143 180
143 182
143 184
143 189
143 190
143 193
143 194
143 195
143 198
143 206
143 212
143 214
143 215
143 220
143 221
143 224
143 226
143 228
143 229
143 233
143 239
143 241
143 244
143 245
143 255
143 258
143 264
143 265
143 268
143 270
143 272
143 273
143 274
143 275
143 276
143 279
143 281
143 284
143 286
143 288
143 289
143 291
143 293
143 297
143 300
143 304
143 311
143 314
143 315
143 316
143 317
143 318
144 160
144 164
144 171
144 172
144 173
144 179
144 180
144 181
144 183
144 186
144 189
144 191
144 193
144 194
144 200
144 201
144 204
144 208
144 210
144 212
144 215
144 220
144 227
144 234
144 237
144 241
144 242
144 243
144 244
144 246
144 249
144 250
144 255
144 260
144 264
144 279
144 287
144 288
144 289
144 290
144 291
144 296
144 300
144 301
144 303
144 304
144 305
144 310
144 312
144 313
144 314
144 315
144 318
145 160
145 161
145 166
145 168
145 172
145 173
145 175
145 176
145 177
145 178
145 179
145 181
145 182
145 183
145 186
145 187
145 189
145 190
145 194
145 195
145 198
145 202
145 204
145 206
145 208
145 209
145 214
145 215
145 217
145 223
145 224
145 228
145 233
145 234
145 238
145 241
145 243
145 244
145 245
145 248
145 249
145 250
145 254
145 256
145 260
145 262
145 269
145 270
145 272
145 273
145 275
145 276
145 281
145 287
145 288
145 295
145 296
145 297
145 299
145 306
145 307
145 311
145 313
145 314
145 317
146 160
146 162
146 164
146 167
146 169
146 170
146 171
146 174
146 176
146 177
146 178
146 179
146 180
146 188
146 190
146 191
146 195
146 196
146 197
146 199
146 200
146 203
146 207
146 208
146 209
146 211
146 213
146 214
146 216
146 218
146 219
146 220
146 223
146 224
146 225
146 226
146 227
146 233
146 234
146 237
146 238
146 240
146 242
146 245
146 246
146 249
146 250
146 254
146 256
146 257
146 258
146 260
146 263
146 275
146 278
146 280
146 284
146 287
146 291
146 293
146 294
146 297
146 298
146 300
146 302
146 306
146 310
146 316
146 318
146 319
147 162
147 164
147 166
147 167
147 171
147 174
147 175
147 177
147 179
147 181
147 188
147 193
147 201
147 202
147 205
147 206
147 207
147 209
147 211
147 212
147 213
147 220
147 222
147 226
147 232
147 233
147 235
147 236
147 237
147 239
147 240
147 243
147 244
147 245
147 246
147 255
147 256
147 258
147 261
147 264
147 269
147 272
147 275
147 276
147 277
147 279
147 281
147 283
147 285
147 287
147 290
147 294
147 296
147 297
147 300
147 301
147 302
147 305
147 307
147 308
147 309
147 310
147 313
147 314
148 160
148 163
148 165
148 166
148 168
148 170
148 173
148 174
148 184
148 186
148 188
148 189
148 190
148 196
148 198
148 200
148 201
148 202
148 204
148 208
148 210
148 211
148 216
148 218
148 220
148 221
148 224
148 228
148 230
148 231
148 236
148 239
148 240
148 241
148 244
148 245
148 246
148 248
148 251
148 252
148 254
148 255
148 260
148 261
148 265
148 270
148 274
148 278
148 279
148 282
148 285
148 287
148 297
148 299
148 303
148 305
148 316
148 318
149 161
149 166
149 167
149 169
149 170
149 171
149 172
149 173
149 176
149 177
149 179
149 180
149 181
149 183
149 184
149 186
149 187
149 189
149 190
149 191
149 193
149 199
149 201
149 202
149 204
149 208
149 209
149 212
149 215
149 216
149 220
149 225
149 228
149 241
149 242
149 245
149 246
149 248
149 251
149 253
149 256
149 259
149 260
149 261
149 262
149 264
149 265
149 269
149 274
149 276
149 279
149 280
149 284
149 285
149 287
149 289
149 291
149 300
149 301
149 302
149 304
149 306
149 307
149 308
149 314
149 316
149 318
149 319
150 160
150 162
150 165
150 167
150 169
150 170
150 172
150 173
150 177
150 181
150 182
150 184
150 188
150 191
150 194
150 198
150 201
150 205
150 207
150 208
150 211
150 214
150 215
150 221
150 222
150 224
150 225
150 226
150 227
150 231
150 232
150 234
150 239
150 240
150 242
150 243
150 246
150 247
150 251
150 255
150 256
150 257
150 258
150 261
150 262
150 265
150 267
150 268
150 270
150 271
150 272
150 276
150 278
150 280
150 283
150 286
150 295
150 297
150 299
150 303
150 306
150 309
150 314
150 316
151 160
151 161
151 165
151 169
151 171
151 176
151 178
151 184
151 186
151 187
151 188
151 190
151 191
151 192
151 195
151 198
151 199
151 201
151 206
151 209
151 211
151 212
151 213
151 215
151 217
151 218
151 219
151 220
151 221
151 222
151 223
151 224
151 225
151 234
151 235
151 236
151 238
151 242
151 249
151 250
151 251
151 261
151 262
151 263
151 267
151 273
151 284
151 285
151 286
151 288
151 290
151 294
151 296
151 303
151 308
151 309
151 319
152 160
152 161
152 162
152 163
152 165
152 168
152 171
152 172
152 173
152 174
152 175
152 177
152 180
152 181
152 185
152 189
152 191
152 192
152 194
152 196
152 201
152 207
152 208
152 210
152 211
152 214
152 217
152 218
152 220
152 229
152 230
152 232
152 234
152 237
152 240
152 243
152 245
152 248
152 250
152 254
152 258
152 260
152 261
152 262
152 263
152 266
152 270
152 273
152 275
152 282
152 283
152 292
152 294
152 295
152 296
152 297
152 299
152 300
152 301
152 302
152 304
152 306
152 311
152 317
152 318
152 319
153 160
153 163
153 165
153 166
153 168
153 169
153 171
153 172
153 174
153 175
153 177
153 178
153 179
153 180
153 184
153 188
153 195
153 197
153 199
153 200
153 203
153 204
153 210
153 211
153 212
153 221
153 222
153 223
153 224
153 225
153 226
153 228
153 229
153 230
153 231
153 235
153 236
153 237
153 238
153 239
153 241
153 242
153 244
153 245
153 249
153 251
153 253
153 256
153 259
153 260
153 262
153 264
153 272
153 273
153 275
153 276
153 277
153 278
153 279
153 280
153 289
153 290
153 292
153 295
153 296
153 299
153 303
153 305
153 307
153 308
153 310
153 314
153 315
153 318
154 161
154 165
154 166
154 167
154 168
154 169
154 170
154 172
154 175
154 177
154 178
154 182
154 183
154 184
154 188
154 190
154 191
154 192
154 194
154 198
154 201
154 206
154 209
154 216
154 217
154 219
154 220
154 223
154 226
154 228
154 229
154 231
154 233
154 234
154 235
154 237
154 240
154 241
154 242
154 243
154 247
154 248
154 251
154 253
154 254
154 255
154 259
154 261
154 262
154 263
154 266
154 267
154 269
154 271
154 274
154 277
154 281
154 284
154 285
154 287
154 290
154 291
154 294
154 296
154 297
154 302
154 303
154 305
154 307
154 308
154 309
154 311
154 312
154 317
155 161
155 162
155 165
155 166
155 167
155 171
155 173
155 174
155 176
155 178
155 183
155 184
155 185
155 188
155 189
155 195
155 198
155 201
155 203
155 204
155 206
155 209
155 211
155 215
155 217
155 218
155 219
155 221
155 222
155 223
155 226
155 228
155 238
155 239
155 241
155 246
155 248
155 249
155 252
155 255
155 257
155 258
155 263
155 265
155 266
155 267
155 269
155 278
155 280
155 281
155 289
155 290
155 291
155 300
155 301
155 304
155 305
155 306
155 308
155 311
155 316
155 317
155 318
155 319
156 160
156 161
156 163
156 165
156 169
156 170
156 176
156 179
156 181
156 182
156 184
156 186
156 187
156 188
156 191
156 193
156 196
156 197
156 198
156 205
156 208
156 209
156 210
156 211
156 216
156 218
156 219
156 223
156 225
156 228
156 229
156 233
156 237
156 238
156 239
156 241
156 242
156 243
156 247
156 251
156 252
156 253
156 254
156 257
156 260
156 261
156 263
156 264
156 265
156 267
156 270
156 272
156 273
156 275
156 276
156 278
156 280
156 285
156 286
156 287
156 288
156 297
156 298
156 299
156 300
156 301
156 302
156 312
156 314
156 315
156 317
156 318
157 161
157 162
157 165
157 167
157 174
157 179
157 181
157 185
157 187
157 192
157 193
157 198
157 200
157 204
157 205
157 209
157 211
157 212
157 218
157 219
157 221
157 224
157 228
157 229
157 231
157 234
157 235
157 239
157 241
157 243
157 246
157 248
157 256
157 269
157 271
157 273
157 278
157 279
157 280
157 281
157 288
157 289
157 290
157 291
157 297
157 299
157 303
157 304
157 309
157 311
157 312
157 317
158 161
158 163
158 164
158 171
158 172
158 173
158 175
158 176
158 178
158 179
158 181
158 182
158 188
158 190
158 193
158 197
158 199
158 204
158 205
158 211
158 212
158 214
158 218
158 220
158 222
158 227
158 228
158 234
158 236
158 237
158 240
158 241
158 242
158 243
158 244
158 245
158 246
158 251
158 252
158 254
158 257
158 258
158 262
158 266
158 270
158 271
158 273
158 274
158 279
158 281
158 283
158 284
158 291
158 292
158 293
158 297
158 298
158 304
158 305
158 313
158 319
159 160
159 166
159 172
159 173
159 175
159 179
159 180
159 183
159 184
159 188
159 190
159 194
159 196
159 198
159 199
159 200
159 203
159 205
159 207
159 211
159 212
159 213
159 214
159 215
159 217
159 218
159 219
159 220
159 221
159 224
159 226
159 229
159 233
159 234
159 235
159 241
159 246
159 247
159 250
159 255
159 256
159 259
159 262
159 264
159 270
159 271
159 275
159 277
159 278
159 279
159 282
159 289
159 293
159 299
159 300
159 302
159 304
159 305
159 308
159 309
159 313
159 316
159 317
159 318
