190 1904
0 161
0 162
0 163
0 168
0 170
0 173
0 174
0 177
0 179
0 181
0 183
0 184
0 185
0 186
0 188
1 161
1 163
1 165
1 168
1 169
1 171
1 174
1 179
1 184
1 189
2 162
2 169
2 171
2 172
2 173
2 174
2 175
2 176
2 178
2 179
2 180
2 185
2 189
3 163
3 164
3 167
3 168
3 170
3 173
3 175
3 180
3 186
3 188
4 162
4 164
4 166
4 167
4 171
4 172
4 174
4 175
4 177
4 178
4 180
4 181
4 184
4 185
4 187
5 163
5 164
5 170
5 173
5 176
5 177
5 178
5 179
5 181
5 183
5 184
6 160
6 162
6 168
6 171
6 173
6 174
6 175
6 176
6 179
6 181
6 182
6 183
6 187
6 188
7 161
7 162
7 163
7 164
7 167
7 168
7 171
7 175
7 179
7 180
7 182
7 183
7 188
8 160
8 161
8 162
8 163
8 164
8 165
8 166
8 168
8 169
8 170
8 171
8 172
8 173
8 176
8 177
8 184
8 185
8 188
8 189
9 162
9 166
9 170
9 179
9 181
9 183
9 184
10 162
10 163
10 164
10 165
10 167
10 169
10 171
10 172
10 177
10 180
10 182
10 183
10 185
10 186
10 187
11 160
11 162
11 163
11 165
11 169
11 170
11 171
11 173
11 175
11 178
11 182
11 185
12 162
12 164
12 165
12 166
12 168
12 171
12 172
12 173
12 174
12 177
12 178
12 183
12 184
12 189
13 161
13 164
13 165
13 166
13 167
13 169
13 170
13 172
13 173
13 179
13 182
13 183
13 185
13 188
13 189
14 169
14 171
14 173
14 174
14 177
14 179
14 186
14 187
14 188
14 189
15 162
15 163
15 164
15 173
15 177
15 178
15 180
15 182
15 184
15 187
15 188
16 162
16 165
16 167
16 173
16 176
16 179
16 180
16 185
16 186
16 187
16 189
17 161
17 163
17 164
17 170
17 172
17 173
17 175
17 179
17 180
17 181
17 182
17 183
17 185
17 186
18 165
18 166
18 167
18 171
18 172
18 175
18 176
18 177
18 178
18 183
18 186
18 188
19 161
19 172
19 173
19 178
19 180
19 182
19 183
20 160
20 163
20 164
20 167
20 171
20 172
20 177
20 178
20 181
20 182
20 185
20 186
20 187
21 161
21 162
21 167
21 171
21 174
21 175
21 178
21 180
21 185
22 161
22 162
22 166
22 168
22 170
22 176
22 186
22 187
23 160
23 161
23 163
23 168
23 171
23 176
23 178
23 179
23 181
23 182
23 184
23 187
24 161
24 164
24 166
24 167
24 169
24 170
24 172
24 173
24 174
24 175
24 176
24 178
24 185
24 187
25 163
25 164
25 167
25 168
25 169
25 171
25 172
25 178
25 180
25 181
25 182
25 184
25 188
25 189
26 160
26 164
26 165
26 168
26 172
26 177
26 178
26 180
26 181
26 183
26 184
26 186
26 187
26 189
27 162
27 163
27 164
27 165
27 166
27 167
27 173
27 177
27 178
27 179
27 181
27 186
28 160
28 161
28 162
28 163
28 166
28 169
28 173
28 176
28 179
28 184
28 185
28 186
29 160
29 162
29 164
29 167
29 169
29 171
29 173
29 182
29 183
29 185
29 186
29 187
29 189
30 161
30 163
30 166
30 167
30 168
30 172
30 173
30 176
30 178
30 186
30 187
30 189
31 160
31 162
31 163
31 166
31 167
31 168
31 169
31 177
31 181
31 184
31 185
31 186
31 188
31 189
32 177
32 179
32 181
32 183
33 165
33 166
33 167
33 170
33 175
33 176
33 177
33 178
33 181
33 183
33 184
33 185
33 186
34 164
34 165
34 167
34 168
34 169
34 170
34 171
34 172
34 177
34 179
34 181
34 182
35 163
35 166
35 169
35 171
35 174
35 177
35 179
35 180
35 181
35 185
35 186
35 188
35 189
36 163
36 168
36 181
36 183
36 187
37 160
37 161
37 164
37 165
37 166
37 169
37 170
37 172
37 173
37 174
37 175
37 177
37 181
37 183
37 185
37 187
37 188
37 189
38 160
38 161
38 167
38 169
38 172
38 175
38 178
38 180
38 189
39 165
39 166
39 167
39 175
39 180
39 185
39 186
39 189
40 163
40 164
40 170
40 171
40 174
40 176
40 178
40 181
40 184
40 187
40 188
41 160
41 163
41 167
41 170
41 182
41 183
41 184
41 185
41 189
42 161
42 167
42 169
42 172
42 177
42 180
42 181
42 182
42 185
43 161
43 164
43 165
43 167
43 168
43 169
43 171
43 174
43 176
43 180
43 182
43 184
43 185
43 187
44 163
44 165
44 166
44 168
44 170
44 173
44 174
44 175
44 180
44 181
44 187
44 188
45 163
45 164
45 166
45 170
45 173
45 176
45 178
45 180
45 182
45 184
46 161
46 162
46 164
46 165
46 166
46 170
46 174
46 177
46 178
46 180
46 182
46 183
46 184
46 189
47 160
47 163
47 164
47 169
47 172
47 175
47 176
47 177
47 178
47 182
47 183
47 185
47 189
48 162
48 164
48 166
48 168
48 170
48 173
48 175
48 180
48 182
48 183
48 185
48 189
49 163
49 164
49 169
49 170
49 172
49 173
49 177
49 178
49 179
49 180
49 185
49 187
50 163
50 166
50 167
50 168
50 170
50 173
50 177
50 179
50 180
50 181
50 186
51 160
51 161
51 162
51 166
51 168
51 172
51 173
51 178
51 181
51 184
51 185
51 187
52 160
52 164
52 165
52 168
52 178
52 180
52 181
52 182
53 160
53 161
53 162
53 163
53 167
53 170
53 172
53 175
53 176
53 179
53 184
53 185
53 189
54 161
54 162
54 164
54 166
54 168
54 169
54 170
54 171
54 172
54 175
54 179
54 184
55 160
55 161
55 164
55 167
55 175
55 177
55 180
55 182
55 187
55 188
55 189
56 163
56 166
56 174
56 175
56 176
56 177
56 178
56 181
56 184
56 185
56 186
57 161
57 166
57 168
57 169
57 171
57 173
57 174
57 176
57 177
57 179
57 180
57 184
57 186
57 188
58 160
58 161
58 162
58 163
58 166
58 169
58 173
58 174
58 177
58 183
58 185
58 187
59 160
59 163
59 165
59 169
59 170
59 172
59 175
59 180
59 182
59 183
59 185
59 188
59 189
60 160
60 161
60 166
60 167
60 169
60 171
60 174
60 176
60 178
60 180
60 181
60 187
60 188
61 160
61 161
61 162
61 163
61 164
61 166
61 167
61 168
61 170
61 173
61 175
61 180
61 181
61 182
61 186
61 187
61 189
62 160
62 161
62 164
62 166
62 167
62 169
62 170
62 171
62 173
62 174
62 176
62 178
62 184
63 161
63 163
63 171
63 172
63 174
63 175
63 176
63 178
63 181
63 182
63 183
63 184
63 185
64 160
64 164
64 165
64 167
64 176
64 177
64 178
64 184
64 187
65 170
65 175
65 179
65 181
65 182
65 183
65 185
65 186
66 161
66 163
66 169
66 170
66 171
66 174
66 177
66 178
66 179
66 182
66 184
66 185
66 189
67 160
67 165
67 167
67 169
67 174
67 177
67 179
67 181
67 182
67 185
68 162
68 168
68 170
68 172
68 174
68 176
68 179
68 180
68 181
68 182
68 183
68 184
68 185
68 187
68 189
69 160
69 162
69 163
69 164
69 166
69 169
69 170
69 174
69 176
69 179
69 181
69 184
69 186
70 160
70 163
70 164
70 168
70 169
70 172
70 174
70 175
70 177
71 160
71 168
71 170
71 173
71 176
71 177
71 179
71 184
71 185
71 186
71 187
72 163
72 165
72 167
72 170
72 176
72 177
72 179
72 180
72 187
73 160
73 161
73 164
73 165
73 167
73 170
73 173
73 174
73 175
73 177
73 179
73 180
73 186
73 187
73 188
73 189
74 161
74 163
74 167
74 171
74 173
74 174
74 179
74 184
74 185
74 187
75 161
75 165
75 173
75 177
75 180
75 182
75 183
75 185
75 186
75 187
76 161
76 162
76 163
76 170
76 173
76 175
76 176
76 180
76 187
76 189
77 160
77 163
77 167
77 168
77 170
77 179
77 183
77 184
77 186
77 187
77 188
77 189
78 161
78 164
78 165
78 166
78 167
78 168
78 172
78 179
78 182
79 161
79 163
79 165
79 167
79 171
79 172
79 175
79 187
79 188
79 189
80 162
80 164
80 165
80 166
80 170
80 171
80 172
80 174
80 175
80 177
80 179
80 181
80 182
80 183
80 184
81 160
81 163
81 168
81 171
81 172
81 177
81 179
81 184
81 186
82 162
82 163
82 164
82 170
82 171
82 172
82 176
82 178
82 181
82 183
82 186
82 189
83 161
83 163
83 170
83 178
83 180
83 183
83 184
84 161
84 162
84 168
84 170
84 171
84 173
84 175
84 179
84 180
84 181
84 183
84 184
84 185
84 187
85 165
85 167
85 170
85 173
85 176
85 178
85 179
85 182
86 160
86 162
86 163
86 164
86 165
86 166
86 169
86 170
86 173
86 176
86 177
86 178
86 179
86 180
86 186
86 187
87 160
87 162
87 163
87 166
87 167
87 168
87 170
87 173
87 179
87 180
87 183
87 184
87 187
87 189
88 162
88 163
88 164
88 170
88 171
88 173
88 174
88 175
88 178
88 181
88 186
88 187
88 189
89 162
89 165
89 169
89 170
89 171
89 174
89 176
89 181
89 183
89 184
89 185
90 161
90 165
90 167
90 171
90 173
90 177
90 178
90 179
90 188
90 189
91 160
91 164
91 165
91 166
91 171
91 173
91 174
91 178
91 179
91 182
91 184
91 185
91 186
91 189
92 160
92 161
92 165
92 168
92 173
92 176
92 179
92 180
92 183
92 185
92 186
92 187
93 160
93 161
93 162
93 163
93 166
93 169
93 170
93 171
93 176
93 178
93 181
93 182
93 184
93 185
93 188
94 162
94 166
94 174
94 175
94 176
94 177
94 179
94 180
94 189
95 161
95 165
95 166
95 167
95 172
95 174
95 175
95 183
95 185
95 186
95 187
96 160
96 164
96 165
96 166
96 170
96 171
96 175
96 182
96 183
96 188
96 189
97 163
97 164
97 168
97 169
97 173
97 174
97 175
97 176
97 178
97 180
97 182
97 187
98 161
98 163
98 165
98 166
98 171
98 172
98 173
98 174
98 175
98 180
98 181
98 182
98 183
98 185
99 160
99 161
99 163
99 166
99 168
99 169
99 170
99 173
99 174
99 176
99 178
99 179
99 180
99 181
99 183
99 187
99 188
100 161
100 164
100 165
100 166
100 168
100 171
100 173
100 176
100 178
100 180
100 181
100 182
100 186
100 187
100 189
101 160
101 163
101 164
101 168
101 170
101 174
101 175
101 176
101 178
101 179
101 180
101 181
101 183
101 184
101 185
101 187
101 188
101 189
102 161
102 163
102 168
102 170
102 171
102 173
102 176
102 178
102 180
102 181
102 187
102 188
102 189
103 163
103 166
103 169
103 170
103 171
103 174
103 176
103 178
103 179
103 184
103 185
103 186
103 187
103 188
104 160
104 162
104 164
104 167
104 173
104 177
104 178
104 179
104 180
104 181
104 186
105 161
105 162
105 167
105 169
105 174
105 176
105 185
105 188
105 189
106 160
106 162
106 164
106 166
106 168
106 169
106 171
106 173
106 179
106 180
106 182
106 184
106 186
106 189
107 163
107 164
107 165
107 166
107 167
107 170
107 173
107 175
107 178
107 182
107 184
107 187
107 188
107 189
108 163
108 164
108 165
108 166
108 167
108 168
108 169
108 173
108 180
108 181
108 182
108 184
108 185
109 161
109 164
109 168
109 169
109 174
109 176
109 178
109 182
109 184
109 185
109 188
110 167
110 171
110 172
110 173
110 175
110 176
110 177
110 178
110 180
110 182
110 183
110 185
110 188
111 163
111 165
111 171
111 176
111 178
111 179
111 183
111 186
111 189
112 160
112 162
112 170
112 171
112 173
112 174
112 175
112 176
112 177
112 180
112 187
112 188
113 161
113 164
113 167
113 173
113 174
113 177
113 178
113 179
113 182
113 184
113 188
114 162
114 164
114 165
114 167
114 168
114 169
114 172
114 173
114 174
114 175
114 176
114 179
114 180
114 181
114 184
114 185
114 186
115 160
115 163
115 165
115 166
115 168
115 170
115 173
115 174
115 175
115 177
115 179
115 181
115 183
115 186
115 187
115 189
116 161
116 164
116 165
116 168
116 169
116 170
116 172
116 175
116 177
116 180
116 181
116 182
116 184
116 186
117 161
117 162
117 165
117 169
117 175
117 178
117 180
117 183
117 184
117 185
117 187
118 160
118 162
118 163
118 166
118 168
118 169
118 178
118 180
118 181
118 186
119 160
119 162
119 163
119 165
119 167
119 169
119 170
119 172
119 173
119 174
119 177
119 178
119 182
119 188
120 160
120 161
120 162
120 165
120 172
120 174
120 177
120 182
120 183
121 162
121 164
121 166
121 168
121 170
121 172
121 177
121 182
121 183
121 185
121 186
122 160
122 162
122 164
122 166
122 167
122 168
122 169
122 172
122 173
122 179
122 185
123 161
123 162
123 165
123 166
123 169
123 170
123 171
123 173
123 174
123 179
123 187
124 166
124 168
124 170
124 171
124 173
124 174
124 175
124 177
124 179
124 182
124 183
124 186
125 160
125 164
125 165
125 167
125 171
125 174
125 175
125 178
125 180
125 183
125 184
125 185
125 186
125 187
126 163
126 166
126 167
126 169
126 176
126 177
126 182
126 184
126 185
126 187
127 160
127 161
127 165
127 166
127 169
127 170
127 175
127 183
127 184
127 189
128 162
128 163
128 169
128 175
129 163
129 167
129 168
129 170
129 171
129 173
129 175
129 176
129 178
129 179
129 187
129 188
130 162
130 168
130 169
130 170
130 171
130 172
130 174
130 178
130 186
130 187
131 160
131 161
131 162
131 163
131 164
131 165
131 166
131 167
131 168
131 170
131 174
131 175
131 176
131 177
131 185
131 186
131 187
131 189
132 162
132 166
132 167
132 169
132 171
132 178
132 181
132 182
132 186
132 187
132 188
133 160
133 162
133 165
133 166
133 167
133 170
133 171
133 173
133 175
133 176
133 178
133 179
133 180
133 182
133 183
133 186
133 188
133 189
134 160
134 161
134 162
134 171
134 173
134 174
134 177
134 178
134 180
134 185
134 186
134 187
135 161
135 168
135 170
135 174
135 177
135 178
135 179
135 180
135 184
135 185
135 188
136 166
136 170
136 177
136 179
136 180
136 185
136 186
136 187
137 160
137 161
137 167
137 169
137 171
137 174
137 180
137 181
137 183
137 185
137 186
137 187
137 188
138 163
138 164
138 166
138 167
138 168
138 170
138 172
138 175
138 177
138 178
138 179
138 180
138 181
138 182
138 185
138 189
139 160
139 161
139 163
139 166
139 169
139 175
139 182
139 184
139 186
139 188
140 161
140 162
140 163
140 166
140 171
140 173
140 178
140 179
140 187
141 162
141 167
141 168
141 169
141 172
141 175
141 177
141 178
141 180
142 160
142 162
142 165
142 168
142 169
142 171
142 175
142 176
142 182
142 183
142 185
142 187
143 163
143 166
143 169
143 173
143 175
143 176
143 180
143 181
143 185
144 160
144 161
144 162
144 163
144 164
144 168
144 172
144 173
144 179
144 183
144 187
144 188
145 162
145 167
145 168
145 169
145 171
145 175
145 177
145 178
145 179
145 180
145 181
145 182
145 189
146 161
146 163
146 164
146 165
146 166
146 167
146 170
146 171
146 174
146 175
146 176
146 178
146 179
146 184
146 186
146 187
147 160
147 162
147 164
147 165
147 166
147 167
147 173
147 174
147 176
147 177
147 181
147 183
147 185
148 166
148 168
148 172
148 174
148 175
148 176
148 180
148 183
148 184
148 186
149 161
149 164
149 167
149 171
149 176
149 177
149 189
150 161
150 162
150 163
150 166
150 167
150 172
150 174
150 176
150 177
150 182
150 183
150 189
151 162
151 163
151 165
151 168
151 169
151 171
151 175
151 177
151 181
151 183
151 186
151 187
152 160
152 162
152 167
152 169
152 173
152 174
152 175
152 177
152 182
152 183
152 186
153 161
153 162
153 164
153 165
153 168
153 170
153 174
153 175
153 176
153 181
153 182
153 185
154 164
154 167
154 169
154 171
154 172
154 173
154 177
154 179
154 181
154 182
154 183
154 184
154 186
155 160
155 161
155 162
155 170
155 171
155 173
155 177
155 179
155 180
155 188
155 189
156 161
156 162
156 164
156 165
156 167
156 169
156 171
156 172
156 174
156 176
156 177
156 178
156 182
156 183
156 184
156 188
157 162
157 170
157 174
157 175
157 181
157 182
157 184
157 185
157 189
158 161
158 163
158 172
158 173
158 174
158 178
158 180
158 182
158 183
158 185
158 186
158 187
158 188
159 162
159 164
159 165
159 172
159 175
159 176
159 180
159 181
159 182
159 184
159 188
