240 5155
0 161
0 165
0 169
0 173
0 174
0 180
0 181
0 182
0 184
0 185
0 191
0 193
0 195
0 197
0 203
0 208
0 209
0 210
0 212
0 213
0 214
0 216
0 217
0 221
0 222
0 225
0 226
0 231
0 234
0 235
0 237
1 160
1 162
1 166
1 167
1 170
1 174
1 180
1 185
1 186
1 188
1 190
1 196
1 201
1 205
1 209
1 210
1 216
1 218
1 220
1 222
1 223
1 224
1 227
1 228
1 230
1 234
1 237
1 238
1 239
2 161
2 163
2 164
2 165
2 167
2 169
2 171
2 174
2 176
2 182
2 183
2 187
2 193
2 194
2 195
2 197
2 199
2 200
2 201
2 204
2 206
2 209
2 210
2 212
2 218
2 220
2 223
2 226
2 237
2 238
2 239
3 160
3 161
3 162
3 163
3 165
3 169
3 170
3 171
3 174
3 178
3 179
3 180
3 181
3 182
3 189
3 191
3 193
3 194
3 195
3 196
3 197
3 198
3 199
3 201
3 202
3 203
3 204
3 208
3 211
3 212
3 213
3 214
3 217
3 218
3 220
3 221
3 225
3 226
3 229
3 230
3 234
3 238
3 239
4 161
4 162
4 164
4 165
4 168
4 169
4 174
4 175
4 177
4 178
4 179
4 181
4 182
4 185
4 188
4 195
4 196
4 198
4 202
4 203
4 204
4 205
4 211
4 214
4 216
4 218
4 219
4 220
4 222
4 223
4 226
4 229
4 230
4 231
4 235
4 237
5 168
5 169
5 170
5 172
5 173
5 176
5 177
5 184
5 187
5 189
5 193
5 196
5 200
5 202
5 203
5 205
5 208
5 209
5 212
5 214
5 216
5 220
5 221
5 222
5 223
5 225
5 228
5 229
5 230
5 231
5 233
5 234
5 236
6 160
6 161
6 163
6 175
6 185
6 187
6 188
6 189
6 191
6 192
6 195
6 196
6 201
6 204
6 205
6 212
6 215
6 220
6 222
6 223
6 224
6 226
6 227
6 228
6 229
6 230
6 231
6 232
6 235
6 238
7 160
7 161
7 166
7 174
7 184
7 186
7 187
7 193
7 196
7 198
7 203
7 207
7 208
7 209
7 210
7 212
7 217
7 219
7 221
7 222
7 223
7 225
7 229
7 230
7 232
7 237
7 238
8 160
8 161
8 164
8 167
8 169
8 171
8 175
8 181
8 182
8 189
8 191
8 196
8 197
8 202
8 203
8 204
8 207
8 209
8 211
8 212
8 213
8 214
8 215
8 217
8 219
8 220
8 222
8 224
8 227
8 228
8 232
8 233
8 234
9 163
9 167
9 169
9 171
9 174
9 175
9 178
9 181
9 184
9 185
9 186
9 187
9 192
9 193
9 194
9 196
9 198
9 202
9 205
9 207
9 209
9 210
9 211
9 212
9 217
9 221
9 223
9 226
9 228
9 229
9 235
10 166
10 170
10 172
10 180
10 181
10 185
10 186
10 187
10 192
10 196
10 198
10 199
10 203
10 204
10 210
10 214
10 215
10 218
10 219
10 221
10 222
10 223
10 225
10 227
10 230
10 232
10 233
10 239
11 160
11 165
11 169
11 172
11 173
11 175
11 176
11 178
11 179
11 187
11 188
11 189
11 194
11 198
11 199
11 203
11 204
11 206
11 207
11 208
11 210
11 212
11 213
11 214
11 218
11 224
11 228
11 230
11 231
11 233
12 160
12 161
12 162
12 163
12 164
12 166
12 169
12 173
12 174
12 175
12 178
12 179
12 181
12 184
12 185
12 189
12 192
12 194
12 196
12 197
12 202
12 208
12 210
12 215
12 217
12 220
12 224
12 226
12 227
12 228
12 232
12 234
12 235
12 236
13 162
13 163
13 167
13 168
13 171
13 173
13 177
13 178
13 179
13 180
13 181
13 183
13 187
13 189
13 192
13 193
13 194
13 196
13 198
13 199
13 200
13 203
13 204
13 206
13 209
13 210
13 212
13 214
13 215
13 223
13 226
13 227
13 229
13 233
13 237
13 239
14 165
14 166
14 167
14 172
14 175
14 176
14 178
14 187
14 191
14 194
14 195
14 197
14 198
14 199
14 201
14 203
14 206
14 207
14 209
14 214
14 216
14 217
14 219
14 221
14 222
14 223
14 227
14 233
14 235
14 236
14 238
15 160
15 161
15 164
15 165
15 168
15 174
15 176
15 180
15 182
15 183
15 190
15 192
15 193
15 195
15 197
15 201
15 204
15 205
15 207
15 210
15 211
15 212
15 214
15 215
15 219
15 220
15 221
15 222
15 224
15 228
15 229
15 234
15 237
15 238
16 160
16 161
16 163
16 166
16 168
16 169
16 171
16 172
16 173
16 181
16 186
16 189
16 190
16 194
16 196
16 198
16 199
16 201
16 204
16 208
16 209
16 211
16 212
16 213
16 215
16 218
16 220
16 221
16 225
16 226
16 227
16 229
16 231
16 232
16 233
16 234
16 235
17 166
17 169
17 173
17 174
17 175
17 176
17 177
17 180
17 182
17 183
17 184
17 185
17 186
17 189
17 191
17 194
17 196
17 198
17 202
17 204
17 205
17 208
17 209
17 211
17 212
17 215
17 217
17 218
17 220
17 223
17 225
17 229
17 232
17 234
17 235
17 236
17 237
17 239
18 160
18 165
18 168
18 169
18 170
18 172
18 173
18 176
18 180
18 183
18 184
18 187
18 191
18 192
18 193
18 195
18 200
18 203
18 205
18 207
18 208
18 210
18 211
18 212
18 217
18 227
18 229
18 230
18 232
18 235
18 236
18 239
19 166
19 167
19 169
19 170
19 174
19 175
19 179
19 180
19 182
19 183
19 185
19 189
19 190
19 194
19 195
19 203
19 205
19 207
19 209
19 212
19 214
19 222
19 227
19 228
19 229
19 231
19 232
19 234
19 238
20 160
20 162
20 163
20 166
20 168
20 169
20 172
20 177
20 184
20 186
20 192
20 194
20 195
20 196
20 199
20 201
20 202
20 206
20 207
20 209
20 210
20 214
20 221
20 223
20 226
20 228
20 230
20 232
20 234
20 236
20 237
20 238
21 160
21 161
21 162
21 170
21 174
21 177
21 180
21 182
21 183
21 184
21 185
21 186
21 187
21 190
21 196
21 198
21 199
21 200
21 206
21 207
21 208
21 214
21 217
21 218
21 219
21 221
21 222
21 223
21 224
21 227
21 229
21 230
21 233
21 234
21 236
21 237
21 239
22 160
22 161
22 162
22 165
22 170
22 171
22 173
22 176
22 178
22 181
22 184
22 185
22 186
22 187
22 194
22 196
22 200
22 203
22 206
22 208
22 209
22 211
22 213
22 214
22 218
22 220
22 222
22 223
22 226
22 228
22 230
22 231
22 232
22 233
23 161
23 162
23 163
23 165
23 167
23 173
23 174
23 175
23 177
23 181
23 182
23 184
23 188
23 194
23 195
23 197
23 200
23 201
23 202
23 205
23 206
23 207
23 210
23 211
23 212
23 214
23 215
23 216
23 217
23 219
23 222
23 224
23 227
23 229
23 235
23 236
24 162
24 164
24 171
24 172
24 173
24 177
24 179
24 181
24 182
24 183
24 187
24 188
24 189
24 192
24 193
24 199
24 200
24 202
24 203
24 208
24 209
24 212
24 214
24 215
24 221
24 223
24 227
24 230
24 232
24 234
24 235
25 163
25 165
25 167
25 172
25 176
25 177
25 181
25 183
25 186
25 187
25 189
25 190
25 195
25 197
25 200
25 204
25 205
25 206
25 207
25 209
25 210
25 211
25 212
25 213
25 214
25 215
25 216
25 222
25 223
25 225
25 227
25 228
25 229
25 230
25 235
25 237
25 239
26 160
26 167
26 169
26 171
26 173
26 175
26 176
26 177
26 178
26 183
26 186
26 190
26 191
26 197
26 199
26 200
26 201
26 202
26 204
26 208
26 209
26 210
26 213
26 214
26 218
26 220
26 221
26 226
26 231
26 235
26 239
27 164
27 168
27 169
27 174
27 175
27 176
27 177
27 179
27 182
27 184
27 186
27 187
27 189
27 190
27 191
27 192
27 195
27 202
27 203
27 209
27 215
27 219
27 220
27 223
27 225
27 226
27 229
27 230
27 234
27 235
27 236
27 238
27 239
28 167
28 169
28 170
28 178
28 184
28 186
28 189
28 191
28 194
28 195
28 196
28 200
28 202
28 203
28 208
28 211
28 213
28 214
28 217
28 218
28 219
28 220
28 223
28 224
28 227
28 229
28 231
28 234
28 237
28 238
29 160
29 162
29 165
29 166
29 167
29 172
29 173
29 174
29 186
29 187
29 188
29 189
29 190
29 191
29 195
29 199
29 200
29 201
29 202
29 205
29 206
29 207
29 210
29 214
29 215
29 218
29 222
29 231
29 233
29 235
29 236
29 239
30 163
30 164
30 166
30 167
30 171
30 172
30 175
30 179
30 180
30 183
30 185
30 186
30 187
30 190
30 191
30 194
30 197
30 202
30 205
30 206
30 211
30 213
30 214
30 216
30 217
30 220
30 222
30 224
30 225
30 232
30 235
31 160
31 161
31 163
31 168
31 169
31 171
31 174
31 176
31 182
31 183
31 186
31 187
31 188
31 190
31 192
31 197
31 198
31 200
31 202
31 205
31 212
31 217
31 218
31 221
31 225
31 228
31 234
31 235
31 237
31 238
32 162
32 163
32 165
32 167
32 168
32 172
32 173
32 175
32 176
32 177
32 181
32 185
32 189
32 207
32 209
32 214
32 215
32 216
32 217
32 218
32 220
32 222
32 223
32 224
32 227
32 229
32 231
32 236
32 237
33 161
33 162
33 163
33 164
33 165
33 167
33 172
33 184
33 185
33 187
33 191
33 193
33 194
33 199
33 200
33 203
33 208
33 209
33 213
33 214
33 217
33 218
33 221
33 222
33 223
33 225
33 226
33 227
33 229
33 230
33 231
33 233
33 235
33 237
34 162
34 167
34 170
34 171
34 175
34 186
34 190
34 194
34 195
34 196
34 200
34 201
34 203
34 205
34 210
34 213
34 214
34 220
34 222
34 225
34 226
34 230
34 234
35 161
35 162
35 163
35 167
35 168
35 171
35 178
35 184
35 186
35 188
35 189
35 192
35 197
35 203
35 204
35 207
35 209
35 213
35 214
35 217
35 219
35 220
35 224
35 225
35 226
35 229
35 230
35 231
35 235
36 161
36 167
36 168
36 170
36 171
36 175
36 176
36 177
36 181
36 182
36 184
36 188
36 189
36 190
36 191
36 193
36 197
36 198
36 199
36 202
36 205
36 211
36 213
36 219
36 220
36 222
36 225
36 231
36 232
36 233
36 239
37 161
37 162
37 163
37 165
37 167
37 172
37 175
37 176
37 177
37 183
37 184
37 191
37 193
37 194
37 195
37 197
37 201
37 202
37 204
37 207
37 216
37 223
37 225
37 227
37 228
37 229
37 232
37 233
37 235
37 236
37 237
37 238
38 160
38 169
38 171
38 174
38 178
38 179
38 180
38 183
38 184
38 185
38 187
38 188
38 189
38 190
38 192
38 194
38 198
38 199
38 200
38 201
38 202
38 213
38 216
38 222
38 225
38 226
38 227
38 228
38 229
38 230
38 231
38 232
38 234
38 235
38 236
39 161
39 163
39 168
39 174
39 175
39 177
39 178
39 179
39 182
39 183
39 184
39 186
39 187
39 191
39 192
39 196
39 197
39 201
39 202
39 203
39 208
39 212
39 217
39 219
39 221
39 222
39 223
39 228
39 229
39 234
39 235
40 162
40 165
40 166
40 168
40 170
40 171
40 172
40 173
40 174
40 176
40 177
40 179
40 181
40 182
40 184
40 185
40 186
40 188
40 189
40 190
40 194
40 202
40 204
40 207
40 209
40 217
40 218
40 220
40 221
40 222
40 227
40 228
40 229
40 230
40 232
40 234
41 161
41 165
41 169
41 172
41 174
41 178
41 181
41 182
41 183
41 185
41 190
41 192
41 194
41 196
41 197
41 200
41 202
41 205
41 206
41 210
41 213
41 214
41 222
41 224
41 226
41 231
41 233
41 236
41 237
41 238
41 239
42 161
42 164
42 165
42 166
42 174
42 177
42 178
42 179
42 180
42 181
42 183
42 184
42 185
42 191
42 195
42 197
42 198
42 202
42 205
42 210
42 212
42 216
42 218
42 220
42 221
42 223
42 230
42 234
42 235
42 238
42 239
43 161
43 168
43 173
43 177
43 180
43 182
43 184
43 186
43 187
43 188
43 189
43 190
43 192
43 193
43 195
43 196
43 197
43 198
43 199
43 200
43 203
43 204
43 209
43 210
43 211
43 212
43 214
43 216
43 217
43 219
43 220
43 221
43 222
43 224
43 227
43 228
43 229
43 231
43 232
43 233
43 234
43 235
43 237
43 238
44 164
44 166
44 167
44 170
44 173
44 175
44 176
44 179
44 181
44 182
44 187
44 192
44 196
44 204
44 206
44 207
44 210
44 213
44 214
44 217
44 219
44 222
44 223
44 224
44 229
44 232
44 235
44 238
45 160
45 161
45 162
45 163
45 165
45 167
45 168
45 171
45 178
45 182
45 184
45 187
45 188
45 189
45 192
45 193
45 198
45 200
45 202
45 210
45 211
45 214
45 215
45 216
45 220
45 222
45 223
45 226
45 227
45 230
45 233
45 235
45 236
45 237
46 160
46 162
46 164
46 165
46 166
46 168
46 170
46 171
46 172
46 173
46 178
46 179
46 181
46 186
46 193
46 195
46 196
46 208
46 212
46 216
46 222
46 223
46 226
46 232
46 233
46 237
46 238
46 239
47 160
47 161
47 163
47 166
47 168
47 170
47 172
47 174
47 175
47 177
47 180
47 182
47 194
47 196
47 197
47 198
47 199
47 200
47 202
47 204
47 205
47 210
47 213
47 214
47 218
47 223
47 224
47 227
47 228
47 230
47 231
47 232
47 235
47 237
47 239
48 161
48 162
48 163
48 165
48 167
48 171
48 173
48 176
48 177
48 179
48 180
48 181
48 182
48 183
48 191
48 193
48 195
48 196
48 199
48 201
48 203
48 205
48 210
48 214
48 216
48 219
48 223
48 225
48 227
48 232
48 233
48 235
48 239
49 160
49 161
49 169
49 170
49 171
49 172
49 174
49 175
49 176
49 178
49 179
49 183
49 186
49 187
49 188
49 189
49 190
49 192
49 193
49 196
49 200
49 205
49 208
49 209
49 211
49 214
49 216
49 221
49 222
49 224
49 229
49 230
49 233
49 234
49 238
50 160
50 161
50 167
50 168
50 175
50 176
50 182
50 187
50 189
50 195
50 196
50 200
50 201
50 203
50 206
50 207
50 212
50 213
50 215
50 220
50 221
50 222
50 227
50 229
50 237
51 162
51 165
51 166
51 168
51 171
51 173
51 178
51 179
51 181
51 182
51 185
51 188
51 192
51 198
51 200
51 201
51 202
51 203
51 204
51 206
51 207
51 208
51 209
51 210
51 211
51 215
51 219
51 220
51 222
51 223
51 224
51 231
51 232
51 235
51 238
52 164
52 165
52 167
52 174
52 175
52 178
52 179
52 182
52 186
52 187
52 188
52 189
52 191
52 195
52 196
52 197
52 210
52 211
52 214
52 216
52 217
52 219
52 225
52 228
52 229
52 232
52 233
52 236
52 237
53 160
53 161
53 162
53 165
53 166
53 168
53 169
53 175
53 177
53 181
53 185
53 190
53 193
53 194
53 195
53 204
53 205
53 210
53 211
53 214
53 218
53 219
53 223
53 224
53 225
53 226
53 238
54 160
54 161
54 163
54 170
54 173
54 174
54 176
54 177
54 178
54 179
54 180
54 186
54 187
54 188
54 189
54 192
54 195
54 196
54 197
54 198
54 206
54 208
54 210
54 214
54 217
54 218
54 221
54 222
54 226
54 227
54 234
54 237
54 238
55 161
55 163
55 164
55 166
55 169
55 170
55 173
55 175
55 180
55 181
55 183
55 184
55 185
55 188
55 191
55 192
55 193
55 194
55 195
55 197
55 203
55 204
55 209
55 211
55 214
55 217
55 220
55 223
55 228
55 229
55 232
55 233
55 234
55 235
55 236
55 238
56 162
56 163
56 164
56 170
56 172
56 177
56 179
56 185
56 187
56 190
56 193
56 198
56 199
56 200
56 201
56 203
56 204
56 205
56 206
56 207
56 209
56 210
56 211
56 213
56 216
56 217
56 219
56 220
56 221
56 224
56 225
56 228
56 231
56 232
56 235
57 161
57 164
57 165
57 166
57 169
57 172
57 180
57 182
57 183
57 188
57 189
57 190
57 191
57 192
57 196
57 197
57 198
57 201
57 207
57 208
57 210
57 211
57 212
57 213
57 214
57 215
57 216
57 218
57 220
57 225
57 226
57 229
57 230
57 233
57 237
57 238
58 160
58 165
58 168
58 169
58 170
58 171
58 175
58 176
58 180
58 181
58 184
58 185
58 192
58 201
58 202
58 203
58 206
58 207
58 209
58 212
58 214
58 218
58 219
58 220
58 223
58 224
58 226
58 227
58 228
58 229
58 232
58 234
58 238
58 239
59 164
59 165
59 166
59 167
59 170
59 174
59 175
59 178
59 182
59 185
59 191
59 194
59 198
59 199
59 200
59 202
59 203
59 205
59 206
59 209
59 210
59 211
59 212
59 216
59 217
59 218
59 221
59 222
59 227
59 228
59 231
59 232
59 234
60 165
60 174
60 176
60 179
60 182
60 184
60 186
60 188
60 190
60 194
60 196
60 198
60 204
60 206
60 207
60 209
60 210
60 211
60 216
60 217
60 219
60 220
60 222
60 227
60 228
60 235
60 238
60 239
61 161
61 162
61 165
61 166
61 167
61 168
61 179
61 180
61 182
61 183
61 184
61 186
61 194
61 197
61 199
61 200
61 205
61 207
61 208
61 209
61 211
61 218
61 219
61 220
61 230
61 235
61 236
61 237
61 239
62 160
62 161
62 165
62 168
62 171
62 174
62 179
62 182
62 185
62 189
62 190
62 197
62 200
62 201
62 203
62 204
62 205
62 208
62 213
62 214
62 215
62 216
62 217
62 218
62 225
62 229
62 230
62 233
63 162
63 166
63 172
63 175
63 176
63 184
63 186
63 188
63 190
63 192
63 201
63 204
63 207
63 210
63 212
63 214
63 215
63 216
63 217
63 219
63 220
63 221
63 222
63 229
63 231
63 232
63 234
64 160
64 162
64 164
64 165
64 172
64 177
64 178
64 179
64 180
64 184
64 187
64 193
64 194
64 197
64 198
64 199
64 200
64 201
64 203
64 207
64 214
64 215
64 217
64 218
64 221
64 223
64 224
64 226
64 228
64 229
64 231
64 232
64 234
64 235
64 236
65 162
65 163
65 166
65 169
65 170
65 181
65 183
65 185
65 186
65 187
65 191
65 196
65 198
65 200
65 202
65 204
65 206
65 207
65 212
65 215
65 217
65 218
65 225
65 228
65 231
65 235
65 238
66 161
66 162
66 167
66 168
66 175
66 176
66 177
66 179
66 182
66 187
66 189
66 192
66 194
66 195
66 198
66 201
66 205
66 208
66 212
66 214
66 217
66 220
66 224
66 225
66 228
66 232
66 233
66 237
67 167
67 168
67 169
67 174
67 175
67 178
67 184
67 188
67 190
67 197
67 201
67 202
67 203
67 205
67 207
67 208
67 213
67 216
67 217
67 219
67 221
67 222
67 226
67 231
67 232
67 235
67 236
67 237
67 239
68 163
68 165
68 167
68 171
68 176
68 177
68 178
68 179
68 182
68 183
68 188
68 189
68 190
68 193
68 195
68 196
68 200
68 202
68 204
68 205
68 208
68 211
68 219
68 223
68 228
68 229
68 233
68 234
68 235
68 236
69 161
69 163
69 164
69 165
69 167
69 170
69 173
69 174
69 175
69 178
69 179
69 181
69 184
69 186
69 192
69 194
69 199
69 201
69 202
69 203
69 204
69 205
69 206
69 207
69 208
69 209
69 212
69 213
69 216
69 218
69 226
69 229
69 230
69 232
69 234
69 237
69 238
70 165
70 166
70 167
70 168
70 169
70 170
70 172
70 179
70 181
70 182
70 183
70 185
70 190
70 193
70 197
70 202
70 216
70 218
70 229
70 231
70 232
70 235
70 239
71 160
71 161
71 164
71 165
71 170
71 171
71 172
71 174
71 176
71 180
71 181
71 183
71 186
71 188
71 191
71 192
71 194
71 200
71 201
71 202
71 203
71 207
71 208
71 209
71 210
71 211
71 212
71 215
71 222
71 224
71 225
71 227
71 228
71 230
71 231
71 233
72 162
72 163
72 166
72 167
72 169
72 175
72 180
72 182
72 188
72 189
72 190
72 192
72 196
72 197
72 199
72 200
72 201
72 203
72 204
72 206
72 211
72 212
72 213
72 214
72 215
72 219
72 222
72 225
72 228
72 229
72 230
72 237
73 160
73 168
73 169
73 171
73 172
73 179
73 183
73 184
73 188
73 189
73 190
73 191
73 195
73 197
73 200
73 203
73 204
73 207
73 213
73 215
73 216
73 226
73 229
73 231
73 233
74 161
74 162
74 165
74 167
74 172
74 176
74 179
74 181
74 182
74 183
74 187
74 192
74 193
74 194
74 195
74 196
74 197
74 198
74 203
74 204
74 206
74 207
74 211
74 212
74 214
74 217
74 219
74 220
74 227
74 228
74 230
74 234
74 237
74 238
74 239
75 163
75 164
75 168
75 170
75 171
75 180
75 184
75 188
75 190
75 191
75 192
75 194
75 196
75 203
75 204
75 209
75 211
75 212
75 213
75 215
75 216
75 217
75 218
75 219
75 221
75 222
75 223
75 227
75 229
75 231
75 233
75 234
75 235
76 160
76 163
76 168
76 170
76 171
76 172
76 173
76 174
76 175
76 177
76 178
76 179
76 180
76 183
76 184
76 187
76 197
76 203
76 204
76 206
76 209
76 210
76 211
76 212
76 215
76 218
76 221
76 223
76 225
76 226
76 228
76 231
76 232
76 234
76 236
76 239
77 162
77 166
77 167
77 170
77 171
77 178
77 179
77 181
77 182
77 186
77 187
77 188
77 190
77 195
77 197
77 204
77 205
77 208
77 209
77 210
77 213
77 214
77 215
77 219
77 223
77 226
77 227
77 233
77 234
78 160
78 162
78 164
78 167
78 168
78 169
78 170
78 172
78 179
78 183
78 185
78 187
78 188
78 191
78 192
78 195
78 196
78 199
78 203
78 207
78 210
78 211
78 213
78 215
78 216
78 218
78 219
78 220
78 221
78 223
78 225
78 227
78 229
78 233
78 235
78 238
79 161
79 165
79 166
79 169
79 173
79 174
79 176
79 179
79 181
79 183
79 185
79 186
79 189
79 191
79 194
79 195
79 197
79 203
79 204
79 209
79 211
79 212
79 214
79 216
79 218
79 222
79 230
79 231
79 233
79 239
80 160
80 161
80 163
80 164
80 169
80 174
80 176
80 177
80 178
80 179
80 186
80 192
80 193
80 196
80 198
80 202
80 212
80 213
80 214
80 216
80 217
80 218
80 220
80 221
80 226
80 229
80 235
80 237
80 238
80 239
81 162
81 164
81 165
81 173
81 175
81 180
81 182
81 183
81 184
81 186
81 191
81 194
81 196
81 198
81 200
81 203
81 205
81 210
81 215
81 216
81 217
81 222
81 223
81 225
81 226
81 229
81 231
81 233
81 234
81 238
81 239
82 160
82 162
82 163
82 164
82 165
82 166
82 167
82 168
82 171
82 175
82 176
82 185
82 187
82 188
82 192
82 195
82 201
82 202
82 203
82 204
82 206
82 207
82 208
82 209
82 210
82 211
82 213
82 215
82 216
82 217
82 220
82 223
82 227
82 228
82 229
82 230
82 231
82 233
82 238
82 239
83 160
83 161
83 162
83 165
83 166
83 168
83 170
83 171
83 173
83 178
83 179
83 181
83 182
83 183
83 186
83 188
83 191
83 194
83 195
83 197
83 199
83 201
83 203
83 204
83 205
83 206
83 209
83 210
83 212
83 213
83 217
83 218
83 219
83 231
83 233
83 234
83 235
83 238
83 239
84 161
84 163
84 164
84 167
84 169
84 170
84 171
84 172
84 175
84 176
84 177
84 182
84 192
84 195
84 196
84 198
84 203
84 204
84 206
84 210
84 215
84 216
84 219
84 220
84 225
84 229
84 236
84 238
84 239
85 166
85 171
85 181
85 183
85 188
85 189
85 190
85 194
85 204
85 210
85 213
85 222
85 223
85 227
85 228
85 229
85 233
85 237
86 161
86 162
86 164
86 169
86 171
86 173
86 174
86 175
86 178
86 180
86 184
86 185
86 187
86 188
86 189
86 191
86 192
86 193
86 196
86 201
86 203
86 204
86 205
86 213
86 216
86 217
86 224
86 226
86 227
86 228
86 230
86 232
86 235
86 237
86 238
87 160
87 164
87 171
87 172
87 174
87 175
87 176
87 177
87 179
87 180
87 183
87 188
87 190
87 191
87 194
87 196
87 199
87 200
87 201
87 202
87 203
87 207
87 209
87 210
87 211
87 213
87 214
87 215
87 219
87 222
87 227
87 228
87 229
87 231
87 232
87 235
87 236
87 237
87 238
87 239
88 162
88 163
88 165
88 168
88 169
88 171
88 172
88 175
88 176
88 177
88 186
88 187
88 189
88 190
88 191
88 193
88 197
88 198
88 200
88 204
88 208
88 209
88 210
88 212
88 213
88 214
88 217
88 224
88 226
88 229
88 230
88 233
88 234
88 235
88 239
89 160
89 163
89 166
89 168
89 169
89 170
89 171
89 172
89 173
89 175
89 177
89 179
89 181
89 183
89 184
89 185
89 186
89 187
89 188
89 189
89 190
89 191
89 192
89 194
89 195
89 199
89 202
89 203
89 204
89 205
89 208
89 209
89 214
89 217
89 221
89 222
89 224
89 227
89 228
89 229
89 231
89 232
89 234
89 236
89 238
89 239
90 160
90 161
90 162
90 164
90 165
90 166
90 167
90 169
90 171
90 176
90 177
90 178
90 183
90 184
90 187
90 192
90 194
90 195
90 197
90 198
90 201
90 203
90 204
90 205
90 208
90 210
90 224
90 227
90 229
90 231
90 233
90 236
90 237
91 160
91 164
91 168
91 172
91 173
91 174
91 175
91 177
91 179
91 180
91 181
91 184
91 185
91 189
91 190
91 196
91 197
91 199
91 201
91 204
91 210
91 211
91 214
91 215
91 219
91 220
91 222
91 224
91 227
91 229
91 230
91 231
91 232
91 238
91 239
92 161
92 164
92 167
92 169
92 170
92 174
92 176
92 178
92 180
92 181
92 183
92 184
92 189
92 193
92 194
92 196
92 202
92 205
92 208
92 210
92 211
92 213
92 221
92 223
92 229
92 230
92 232
92 233
92 234
92 238
93 160
93 162
93 163
93 166
93 168
93 178
93 182
93 185
93 188
93 190
93 191
93 192
93 193
93 199
93 206
93 208
93 210
93 213
93 217
93 218
93 222
93 236
93 239
94 160
94 162
94 163
94 164
94 166
94 169
94 174
94 178
94 181
94 185
94 186
94 190
94 191
94 192
94 193
94 198
94 200
94 202
94 204
94 207
94 208
94 210
94 211
94 215
94 216
94 218
94 219
94 221
94 222
94 223
94 224
94 227
94 230
94 236
94 238
94 239
95 163
95 164
95 165
95 167
95 168
95 170
95 177
95 178
95 179
95 181
95 185
95 186
95 188
95 190
95 192
95 197
95 201
95 202
95 205
95 208
95 211
95 218
95 221
95 222
95 225
95 226
95 227
95 229
95 230
95 231
96 160
96 164
96 165
96 168
96 176
96 177
96 178
96 181
96 186
96 187
96 188
96 189
96 191
96 194
96 195
96 199
96 202
96 203
96 204
96 205
96 206
96 208
96 209
96 212
96 217
96 220
96 222
96 223
96 224
96 226
96 227
96 229
96 234
96 235
96 236
96 237
96 239
97 160
97 162
97 164
97 166
97 169
97 171
97 173
97 178
97 179
97 180
97 182
97 184
97 191
97 195
97 198
97 202
97 204
97 206
97 209
97 210
97 213
97 215
97 220
97 225
97 226
97 227
97 228
97 229
97 230
97 231
97 233
97 235
97 237
98 161
98 163
98 165
98 167
98 176
98 179
98 184
98 185
98 187
98 188
98 193
98 199
98 202
98 205
98 206
98 209
98 212
98 213
98 215
98 217
98 220
98 222
98 223
98 225
98 227
98 230
98 232
98 238
99 160
99 162
99 163
99 164
99 168
99 169
99 170
99 171
99 173
99 175
99 176
99 177
99 185
99 186
99 187
99 189
99 192
99 194
99 195
99 196
99 204
99 205
99 208
99 212
99 213
99 216
99 219
99 220
99 221
99 222
99 223
99 225
99 227
99 228
99 231
99 233
99 236
100 161
100 162
100 163
100 164
100 174
100 176
100 179
100 180
100 182
100 187
100 188
100 189
100 191
100 192
100 193
100 194
100 195
100 197
100 201
100 202
100 204
100 205
100 209
100 211
100 213
100 215
100 216
100 219
100 221
100 224
100 225
100 228
100 230
100 231
100 237
100 238
101 161
101 163
101 164
101 167
101 168
101 169
101 172
101 173
101 174
101 176
101 177
101 178
101 183
101 184
101 186
101 187
101 188
101 196
101 198
101 199
101 202
101 203
101 204
101 205
101 208
101 210
101 217
101 222
101 223
101 225
101 226
101 227
101 230
101 233
101 237
101 238
102 160
102 161
102 164
102 170
102 171
102 180
102 182
102 184
102 186
102 188
102 194
102 195
102 196
102 197
102 201
102 203
102 205
102 209
102 210
102 211
102 212
102 213
102 216
102 219
102 221
102 225
102 228
102 231
102 233
102 238
103 163
103 165
103 168
103 170
103 172
103 174
103 175
103 176
103 178
103 183
103 186
103 190
103 196
103 197
103 198
103 200
103 210
103 211
103 212
103 214
103 215
103 216
103 217
103 219
103 222
103 226
103 228
103 229
103 230
103 231
103 235
103 236
104 160
104 163
104 165
104 166
104 167
104 171
104 175
104 176
104 180
104 183
104 188
104 189
104 191
104 192
104 195
104 198
104 199
104 204
104 208
104 209
104 210
104 212
104 217
104 221
104 222
104 223
104 226
104 232
104 235
104 239
105 162
105 163
105 168
105 170
105 174
105 177
105 178
105 179
105 181
105 186
105 188
105 191
105 194
105 197
105 199
105 201
105 202
105 205
105 208
105 212
105 213
105 216
105 219
105 221
105 224
105 226
105 227
105 228
105 230
105 232
105 233
105 235
105 236
105 237
106 160
106 161
106 163
106 165
106 166
106 168
106 170
106 171
106 172
106 175
106 183
106 184
106 185
106 186
106 190
106 192
106 194
106 195
106 196
106 197
106 201
106 203
106 205
106 207
106 215
106 217
106 222
106 223
106 225
106 229
106 233
106 235
106 236
106 237
106 239
107 160
107 162
107 170
107 172
107 173
107 174
107 175
107 179
107 181
107 197
107 202
107 203
107 206
107 208
107 209
107 216
107 217
107 227
107 228
107 231
107 233
107 234
107 237
107 238
108 161
108 165
108 167
108 168
108 169
108 170
108 175
108 179
108 181
108 182
108 185
108 186
108 187
108 189
108 191
108 192
108 193
108 194
108 195
108 198
108 200
108 204
108 205
108 206
108 208
108 211
108 215
108 216
108 218
108 219
108 222
108 223
108 224
108 225
108 226
108 228
108 229
108 231
108 233
108 236
109 160
109 163
109 165
109 166
109 172
109 173
109 176
109 178
109 180
109 183
109 185
109 186
109 187
109 188
109 207
109 208
109 213
109 215
109 221
109 222
109 223
109 231
109 235
109 237
109 239
110 160
110 161
110 164
110 169
110 170
110 171
110 174
110 176
110 178
110 181
110 182
110 183
110 185
110 186
110 195
110 204
110 206
110 215
110 217
110 219
110 227
110 228
110 230
110 231
110 233
110 236
110 238
110 239
111 160
111 166
111 167
111 169
111 170
111 172
111 173
111 174
111 180
111 181
111 182
111 184
111 185
111 187
111 188
111 193
111 195
111 199
111 201
111 204
111 215
111 216
111 217
111 218
111 219
111 220
111 223
111 226
111 233
111 234
111 235
111 236
111 237
112 161
112 164
112 167
112 170
112 177
112 178
112 180
112 182
112 183
112 184
112 185
112 186
112 187
112 188
112 190
112 191
112 192
112 196
112 201
112 208
112 209
112 215
112 219
112 222
112 223
112 229
112 231
112 232
112 235
112 238
113 162
113 166
113 173
113 177
113 180
113 184
113 188
113 190
113 191
113 192
113 193
113 194
113 195
113 197
113 198
113 202
113 203
113 204
113 206
113 207
113 211
113 212
113 213
113 217
113 218
113 219
113 220
113 221
113 230
113 233
113 236
113 239
114 161
114 162
114 163
114 168
114 172
114 173
114 178
114 180
114 181
114 182
114 183
114 192
114 193
114 196
114 198
114 199
114 201
114 206
114 207
114 208
114 209
114 213
114 216
114 218
114 221
114 224
114 226
114 228
114 234
114 235
114 236
114 237
115 162
115 163
115 169
115 171
115 172
115 176
115 178
115 184
115 188
115 190
115 192
115 193
115 194
115 195
115 196
115 197
115 198
115 200
115 201
115 203
115 211
115 213
115 215
115 220
115 225
115 227
115 228
115 230
115 231
115 236
116 161
116 163
116 164
116 166
116 168
116 171
116 177
116 180
116 183
116 185
116 187
116 189
116 192
116 197
116 198
116 201
116 205
116 206
116 209
116 210
116 212
116 213
116 214
116 218
116 219
116 220
116 221
116 229
116 233
116 234
116 235
116 239
117 161
117 164
117 174
117 177
117 178
117 181
117 183
117 187
117 188
117 190
117 191
117 193
117 198
117 200
117 201
117 203
117 205
117 206
117 209
117 210
117 214
117 215
117 218
117 219
117 220
117 221
117 222
117 224
117 225
117 226
117 227
117 229
117 230
117 232
117 237
117 239
118 160
118 162
118 164
118 165
118 167
118 168
118 171
118 172
118 175
118 179
118 180
118 182
118 183
118 184
118 185
118 186
118 187
118 188
118 192
118 194
118 196
118 197
118 199
118 200
118 201
118 202
118 203
118 204
118 209
118 210
118 215
118 217
118 218
118 222
118 224
118 227
118 229
118 230
118 233
118 234
118 236
119 161
119 167
119 172
119 173
119 177
119 181
119 183
119 184
119 188
119 195
119 198
119 199
119 201
119 204
119 206
119 207
119 213
119 214
119 215
119 223
119 225
119 226
119 227
119 228
119 233
119 235
119 238
119 239
120 162
120 164
120 165
120 168
120 175
120 176
120 178
120 179
120 180
120 185
120 186
120 189
120 192
120 193
120 194
120 195
120 196
120 198
120 199
120 201
120 203
120 206
120 208
120 209
120 210
120 216
120 218
120 219
120 221
120 224
120 226
120 231
120 235
120 236
120 238
121 161
121 162
121 164
121 166
121 167
121 170
121 171
121 172
121 174
121 175
121 180
121 182
121 186
121 187
121 188
121 189
121 191
121 193
121 196
121 197
121 201
121 205
121 206
121 209
121 212
121 216
121 218
121 220
121 221
121 224
121 225
121 226
121 228
121 229
121 230
121 231
121 232
121 235
121 236
121 237
122 160
122 165
122 166
122 168
122 170
122 171
122 178
122 179
122 181
122 182
122 183
122 184
122 185
122 186
122 187
122 188
122 195
122 197
122 198
122 201
122 202
122 203
122 209
122 219
122 223
122 226
122 227
122 229
122 230
122 231
122 236
122 238
123 163
123 165
123 171
123 172
123 173
123 178
123 179
123 180
123 185
123 186
123 187
123 189
123 190
123 192
123 195
123 200
123 202
123 206
123 208
123 211
123 219
123 220
123 221
123 229
123 230
123 231
123 238
123 239
124 160
124 162
124 163
124 164
124 165
124 168
124 170
124 172
124 173
124 174
124 180
124 184
124 185
124 187
124 191
124 194
124 196
124 197
124 200
124 202
124 203
124 205
124 206
124 211
124 214
124 215
124 218
124 225
124 228
124 230
124 232
124 233
124 235
124 239
125 162
125 163
125 164
125 166
125 168
125 170
125 173
125 175
125 176
125 177
125 181
125 182
125 183
125 184
125 189
125 190
125 195
125 197
125 199
125 201
125 203
125 204
125 205
125 206
125 208
125 209
125 211
125 212
125 213
125 214
125 218
125 224
125 226
125 229
125 230
125 232
125 238
126 160
126 163
126 165
126 169
126 177
126 180
126 182
126 183
126 184
126 204
126 206
126 207
126 214
126 217
126 219
126 220
126 221
126 222
126 223
126 225
126 226
126 234
126 235
126 238
126 239
127 161
127 162
127 164
127 169
127 170
127 171
127 172
127 173
127 174
127 175
127 176
127 177
127 178
127 179
127 180
127 181
127 183
127 185
127 186
127 189
127 191
127 193
127 194
127 198
127 203
127 205
127 207
127 210
127 213
127 218
127 220
127 221
127 225
127 226
127 227
127 234
127 236
128 161
128 166
128 173
128 174
128 182
128 188
128 190
128 194
128 195
128 198
128 200
128 203
128 207
128 212
128 213
128 217
128 218
128 219
128 223
128 225
128 227
128 231
128 232
128 234
128 237
128 238
128 239
129 161
129 164
129 165
129 166
129 167
129 168
129 170
129 172
129 174
129 178
129 181
129 187
129 188
129 189
129 192
129 193
129 194
129 196
129 199
129 207
129 214
129 217
129 221
129 222
129 224
129 226
129 227
129 230
129 232
129 233
129 236
129 237
129 238
130 160
130 161
130 162
130 166
130 167
130 171
130 172
130 173
130 175
130 177
130 179
130 182
130 183
130 184
130 187
130 189
130 191
130 192
130 197
130 199
130 200
130 203
130 216
130 219
130 222
130 225
130 226
130 227
130 228
130 229
130 231
130 233
130 235
130 237
131 161
131 165
131 167
131 169
131 170
131 171
131 172
131 174
131 175
131 183
131 184
131 189
131 194
131 203
131 204
131 206
131 208
131 210
131 213
131 214
131 218
131 219
131 228
131 230
131 231
131 234
131 239
132 160
132 173
132 174
132 176
132 177
132 179
132 183
132 184
132 187
132 190
132 192
132 193
132 195
132 196
132 200
132 202
132 205
132 208
132 209
132 210
132 214
132 218
132 219
132 220
132 221
132 224
132 227
132 231
132 232
132 233
132 234
133 160
133 161
133 167
133 173
133 174
133 175
133 177
133 182
133 185
133 187
133 193
133 195
133 197
133 199
133 201
133 204
133 205
133 207
133 209
133 211
133 215
133 217
133 218
133 224
133 225
133 228
133 230
133 231
133 233
133 235
133 237
133 238
134 161
134 163
134 166
134 168
134 173
134 176
134 177
134 185
134 187
134 191
134 194
134 200
134 201
134 208
134 209
134 211
134 213
134 215
134 219
134 220
134 223
134 226
134 233
134 236
134 238
134 239
135 164
135 165
135 173
135 174
135 177
135 178
135 179
135 182
135 184
135 186
135 187
135 188
135 191
135 193
135 196
135 198
135 200
135 203
135 204
135 207
135 208
135 209
135 211
135 212
135 215
135 217
135 218
135 219
135 226
135 227
135 228
135 229
135 230
135 231
135 232
135 237
135 239
136 160
136 162
136 163
136 166
136 167
136 168
136 171
136 173
136 180
136 182
136 183
136 188
136 189
136 192
136 197
136 198
136 202
136 203
136 204
136 208
136 209
136 211
136 212
136 213
136 216
136 217
136 218
136 219
136 221
136 231
136 236
136 237
136 239
137 165
137 169
137 170
137 171
137 172
137 174
137 176
137 180
137 182
137 188
137 189
137 193
137 195
137 196
137 207
137 209
137 212
137 213
137 217
137 223
137 226
137 227
137 228
137 229
137 230
137 232
137 233
137 235
137 236
137 237
137 238
138 160
138 163
138 165
138 171
138 172
138 174
138 176
138 178
138 179
138 181
138 182
138 184
138 187
138 189
138 200
138 203
138 204
138 205
138 206
138 207
138 209
138 214
138 216
138 217
138 218
138 220
138 221
138 222
138 223
138 225
138 226
138 229
138 233
138 239
139 160
139 161
139 164
139 167
139 168
139 169
139 172
139 173
139 175
139 176
139 177
139 178
139 180
139 185
139 186
139 187
139 188
139 191
139 192
139 193
139 194
139 199
139 200
139 201
139 211
139 212
139 216
139 217
139 218
139 219
139 222
139 223
139 228
139 231
139 235
140 160
140 161
140 163
140 164
140 166
140 167
140 170
140 172
140 179
140 180
140 185
140 186
140 187
140 192
140 193
140 194
140 195
140 197
140 198
140 199
140 201
140 208
140 212
140 213
140 214
140 217
140 219
140 220
140 222
140 223
140 224
140 225
140 230
140 232
140 233
140 234
140 237
140 238
141 161
141 167
141 168
141 171
141 176
141 177
141 182
141 183
141 189
141 191
141 192
141 200
141 201
141 202
141 204
141 206
141 207
141 208
141 210
141 211
141 213
141 214
141 218
141 220
141 223
141 226
141 227
141 229
141 230
141 233
141 234
141 236
141 239
142 162
142 164
142 165
142 166
142 167
142 168
142 171
142 172
142 173
142 175
142 179
142 182
142 183
142 185
142 188
142 193
142 194
142 196
142 197
142 199
142 201
142 202
142 203
142 206
142 208
142 212
142 215
142 216
142 219
142 220
142 225
142 226
142 227
142 228
142 230
142 231
142 232
142 236
142 238
143 161
143 164
143 167
143 168
143 171
143 177
143 179
143 180
143 182
143 186
143 193
143 198
143 202
143 203
143 204
143 205
143 208
143 209
143 210
143 212
143 214
143 216
143 217
143 226
143 227
143 228
143 229
143 230
143 233
143 235
143 238
144 161
144 163
144 166
144 172
144 173
144 178
144 180
144 181
144 183
144 186
144 187
144 188
144 191
144 193
144 198
144 200
144 204
144 205
144 208
144 211
144 212
144 214
144 216
144 220
144 224
144 225
144 226
144 227
144 230
144 231
144 236
144 239
145 166
145 169
145 175
145 177
145 178
145 181
145 184
145 192
145 199
145 201
145 206
145 209
145 210
145 213
145 216
145 218
145 221
145 223
145 225
145 226
145 227
145 228
145 230
145 233
145 238
145 239
146 160
146 161
146 164
146 168
146 169
146 170
146 171
146 172
146 174
146 176
146 177
146 179
146 181
146 182
146 184
146 190
146 191
146 194
146 195
146 205
146 208
146 211
146 214
146 223
146 227
146 229
146 232
146 235
146 237
146 239
147 162
147 168
147 172
147 174
147 175
147 178
147 179
147 180
147 181
147 184
147 185
147 192
147 193
147 194
147 195
147 199
147 200
147 201
147 205
147 207
147 209
147 211
147 213
147 217
147 218
147 219
147 221
147 224
147 227
147 230
147 232
147 233
147 236
147 238
147 239
148 162
148 163
148 164
148 168
148 172
148 175
148 176
148 180
148 183
148 186
148 188
148 189
148 190
148 192
148 193
148 196
148 197
148 198
148 199
148 200
148 201
148 203
148 209
148 211
148 213
148 214
148 217
148 225
148 226
148 227
148 230
148 233
149 164
149 168
149 173
149 176
149 177
149 181
149 186
149 188
149 190
149 194
149 197
149 199
149 202
149 214
149 216
149 219
149 220
149 221
149 222
149 224
149 230
149 232
149 233
149 234
150 162
150 163
150 165
150 170
150 176
150 180
150 183
150 186
150 191
150 192
150 195
150 196
150 197
150 198
150 206
150 207
150 208
150 211
150 218
150 226
150 227
150 229
150 236
151 163
151 164
151 165
151 170
151 171
151 173
151 179
151 180
151 183
151 184
151 190
151 191
151 194
151 203
151 204
151 205
151 208
151 211
151 212
151 216
151 217
151 218
151 220
151 224
151 225
151 227
151 229
151 231
151 232
151 234
151 235
151 236
151 237
151 239
152 164
152 166
152 168
152 169
152 170
152 171
152 174
152 180
152 181
152 183
152 184
152 187
152 188
152 194
152 197
152 198
152 199
152 201
152 203
152 204
152 206
152 207
152 208
152 209
152 211
152 220
152 222
152 225
152 227
152 231
152 232
152 233
152 234
152 235
152 239
153 164
153 165
153 170
153 173
153 175
153 179
153 181
153 182
153 184
153 188
153 192
153 193
153 194
153 198
153 199
153 202
153 203
153 208
153 209
153 220
153 221
153 222
153 226
153 227
153 232
153 234
153 236
154 160
154 161
154 162
154 164
154 166
154 168
154 170
154 173
154 174
154 177
154 179
154 182
154 183
154 184
154 185
154 186
154 187
154 188
154 191
154 199
154 200
154 203
154 204
154 205
154 210
154 212
154 213
154 215
154 216
154 219
154 220
154 221
154 224
154 225
154 228
154 229
154 230
154 231
154 233
154 236
155 160
155 162
155 167
155 168
155 169
155 171
155 172
155 176
155 178
155 179
155 185
155 186
155 189
155 194
155 196
155 197
155 200
155 201
155 204
155 206
155 207
155 208
155 210
155 212
155 216
155 224
155 226
155 230
155 231
155 238
156 160
156 163
156 165
156 166
156 168
156 170
156 171
156 172
156 176
156 178
156 179
156 182
156 183
156 184
156 186
156 192
156 196
156 197
156 198
156 199
156 201
156 202
156 203
156 206
156 207
156 209
156 210
156 213
156 214
156 215
156 219
156 223
156 233
156 234
156 237
157 163
157 168
157 169
157 171
157 172
157 174
157 178
157 180
157 181
157 184
157 187
157 188
157 193
157 194
157 195
157 199
157 203
157 204
157 210
157 212
157 215
157 217
157 220
157 221
157 222
157 224
157 227
157 232
157 235
157 239
158 161
158 164
158 169
158 170
158 172
158 177
158 178
158 184
158 186
158 187
158 188
158 190
158 192
158 194
158 195
158 197
158 199
158 200
158 205
158 210
158 211
158 214
158 215
158 216
158 217
158 218
158 220
158 222
158 224
158 225
158 236
158 238
159 160
159 162
159 163
159 169
159 170
159 174
159 179
159 180
159 182
159 189
159 194
159 195
159 196
159 198
159 203
159 204
159 206
159 210
159 211
159 212
159 213
159 218
159 219
159 222
159 224
159 225
159 228
159 230
159 231
159 236
