180 1261
0 163
0 165
0 167
0 171
0 172
0 174
0 177
0 179
1 160
1 161
1 163
1 164
1 167
1 168
1 170
1 171
1 172
1 174
1 177
1 178
2 160
2 163
2 166
2 167
2 168
2 169
2 171
2 172
2 175
3 160
3 166
3 168
3 170
3 171
3 174
3 178
4 162
4 164
4 166
4 168
4 173
4 174
4 175
4 176
4 179
5 163
5 166
5 168
5 169
5 172
5 174
5 175
5 177
5 178
6 160
6 173
6 174
6 176
6 178
6 179
7 164
7 165
7 166
7 168
7 171
7 174
7 176
7 178
7 179
8 161
8 162
8 163
8 165
8 170
8 172
8 175
8 177
8 179
9 161
9 164
9 166
9 171
9 176
9 177
9 179
10 163
10 167
10 170
10 171
10 175
10 176
11 161
11 163
11 164
11 165
11 166
11 167
11 170
11 172
11 173
11 177
11 178
11 179
12 164
12 165
12 169
12 170
12 171
12 172
12 173
12 179
13 161
13 165
13 167
13 168
13 170
13 172
13 174
13 178
14 162
14 163
14 167
14 171
14 174
14 175
14 176
14 178
15 162
15 168
15 170
15 171
15 172
15 174
15 178
15 179
16 160
16 163
16 166
16 170
16 171
16 172
16 174
16 176
16 178
17 167
17 173
17 175
17 177
17 178
18 164
18 165
18 171
18 172
18 175
18 176
19 160
19 161
19 162
19 164
19 165
19 166
19 167
19 171
19 172
19 178
20 161
20 162
20 165
20 169
20 170
20 171
20 177
20 178
20 179
21 162
21 163
21 165
21 167
21 170
21 171
21 172
21 174
21 178
21 179
22 160
22 162
22 164
22 165
22 170
22 178
23 162
23 165
23 166
23 168
23 171
23 174
23 176
24 160
24 162
24 167
24 170
24 171
24 172
24 173
24 174
24 175
25 161
25 162
25 164
25 165
25 167
25 175
25 177
26 163
26 164
26 166
26 170
26 171
26 172
26 174
26 175
26 177
26 178
26 179
27 160
27 161
27 162
27 164
27 166
27 167
27 172
27 174
27 175
27 177
28 160
28 161
28 162
28 163
28 167
28 172
28 175
28 178
29 160
29 162
29 164
29 170
29 174
29 176
30 161
30 167
30 168
30 171
30 173
30 178
30 179
31 160
31 162
31 164
31 166
31 167
31 168
31 170
31 173
31 174
32 161
32 162
32 163
32 167
32 168
32 170
32 171
32 174
32 177
32 179
33 160
33 161
33 166
33 167
33 171
33 172
33 174
34 161
34 162
34 163
34 165
34 172
34 174
34 176
35 161
35 164
35 178
36 160
36 163
36 164
36 165
36 170
36 171
36 173
36 176
37 160
37 161
37 162
37 164
37 166
37 167
37 169
37 172
37 173
37 174
37 178
37 179
38 160
38 161
38 163
38 168
38 171
38 177
38 179
39 165
39 166
39 167
39 168
39 169
39 173
40 160
40 163
40 167
40 171
40 172
40 175
40 178
41 160
41 162
41 167
41 168
41 171
41 174
41 175
41 176
41 177
42 160
42 161
42 162
42 165
42 170
42 171
42 173
42 177
42 178
42 179
43 168
43 171
43 177
43 178
44 160
44 161
44 167
44 174
44 177
45 161
45 162
45 170
45 173
45 175
45 177
46 161
46 163
46 164
46 166
46 174
46 176
46 179
47 160
47 163
47 166
47 167
47 169
47 170
47 171
47 172
47 175
47 176
47 178
48 162
48 164
48 166
48 171
48 173
48 174
49 161
49 166
49 167
49 168
49 169
49 170
49 173
49 174
49 175
50 161
50 167
50 169
50 171
50 172
50 175
50 176
50 177
51 160
51 163
51 169
51 170
51 172
51 173
51 176
51 177
52 166
52 171
52 173
52 179
53 162
53 163
53 164
53 165
53 167
53 168
53 172
53 176
54 160
54 161
54 163
54 164
54 166
54 167
54 168
54 170
54 171
54 174
55 165
55 167
55 168
55 169
55 171
55 176
56 160
56 161
56 165
56 166
56 167
56 168
56 170
56 172
56 174
56 176
56 179
57 163
57 165
57 171
57 172
57 173
57 178
58 161
58 162
58 164
58 165
58 167
58 172
58 173
58 175
58 176
59 161
59 166
59 167
59 168
59 169
59 174
60 160
60 161
60 164
60 168
60 170
60 173
60 174
60 177
60 179
61 161
61 162
61 163
61 168
61 170
61 172
61 173
61 175
62 160
62 161
62 164
62 167
62 172
62 175
62 176
62 179
63 168
63 171
63 173
63 174
63 175
63 178
63 179
64 170
64 171
64 172
64 175
65 162
65 163
65 166
65 167
65 168
65 173
65 174
65 175
65 176
65 177
65 178
66 161
66 162
66 164
66 165
66 172
66 176
66 179
67 160
67 165
67 167
67 168
67 173
67 175
67 176
67 179
68 160
68 165
68 170
68 172
68 173
68 177
69 165
69 167
69 172
69 173
69 176
69 177
69 179
70 161
70 162
70 164
70 171
70 173
70 174
70 176
71 161
71 173
71 179
72 160
72 161
72 162
72 166
72 168
72 169
72 175
72 176
72 177
72 179
73 167
73 168
73 169
73 170
73 174
73 175
73 176
74 162
74 165
74 168
74 170
74 171
74 172
74 175
74 177
75 160
75 161
75 165
75 167
75 174
75 175
75 178
75 179
76 161
76 163
76 164
76 165
76 168
76 169
76 170
76 172
76 173
76 174
76 175
76 176
76 177
76 178
76 179
77 168
77 169
77 171
77 172
77 173
77 175
77 177
78 164
78 167
78 173
78 174
78 175
78 176
78 177
79 160
79 170
79 171
79 174
79 178
80 162
80 170
80 174
80 176
80 177
80 178
80 179
81 163
81 166
81 167
81 169
81 174
81 175
81 176
82 160
82 163
82 166
82 167
82 170
82 172
83 161
83 162
83 165
83 167
83 168
83 172
83 175
83 178
83 179
84 166
84 174
84 176
84 179
85 164
85 169
85 170
85 173
86 160
86 163
86 169
86 170
86 171
86 174
86 175
86 176
87 160
87 163
87 165
87 168
87 171
87 173
87 175
87 177
87 178
88 160
88 161
88 162
88 163
88 164
88 165
88 166
88 170
88 171
88 173
88 174
88 178
89 163
89 164
89 165
89 166
89 167
89 168
89 178
90 162
90 165
90 167
90 168
90 169
90 172
90 177
90 179
91 161
91 163
91 164
91 166
91 167
91 170
91 171
91 172
91 173
91 178
92 160
92 164
92 165
92 167
92 170
92 171
92 173
92 175
92 178
93 161
93 166
93 168
93 171
93 172
93 173
93 175
94 160
94 162
94 163
94 164
94 166
94 170
94 171
94 175
94 177
94 178
95 162
95 164
95 172
95 175
95 178
95 179
96 163
96 164
96 165
96 168
96 169
96 172
96 174
96 175
96 176
96 177
97 163
97 166
97 167
97 168
97 174
97 175
97 176
97 178
97 179
98 162
98 164
98 173
98 175
98 178
99 160
99 163
99 165
99 166
99 169
99 170
99 172
99 173
99 175
99 179
100 160
100 161
100 165
100 167
100 168
100 170
100 171
100 178
101 160
101 161
101 163
101 166
101 167
101 168
101 169
101 174
101 175
101 178
102 161
102 162
102 164
102 166
102 167
102 169
102 170
102 175
102 176
103 160
103 161
103 162
103 165
103 168
103 170
103 171
103 175
103 176
103 178
104 160
104 161
104 162
104 163
104 164
104 167
104 169
104 172
104 174
104 176
104 178
104 179
105 160
105 163
105 164
105 165
105 166
105 168
105 170
105 176
105 177
105 178
105 179
106 160
106 166
106 170
106 172
106 174
106 175
106 176
106 177
107 161
107 162
107 163
107 166
107 167
107 168
107 169
107 170
107 172
107 177
108 162
108 163
108 165
108 166
108 169
108 171
108 175
109 162
109 165
109 169
109 170
109 171
109 172
109 174
109 175
110 160
110 161
110 168
110 169
110 170
110 171
110 174
110 177
110 178
110 179
111 161
111 165
111 170
111 172
111 173
111 174
111 175
111 177
112 160
112 162
112 163
112 165
112 167
112 172
112 173
112 175
112 176
112 177
112 179
113 160
113 161
113 163
113 164
113 165
113 166
113 168
113 176
114 162
114 167
114 168
114 170
114 171
114 173
114 174
114 176
114 177
115 160
115 161
115 162
115 163
115 167
115 168
115 169
115 174
115 175
115 177
116 165
116 167
116 169
116 177
117 161
117 162
117 163
117 170
117 173
117 174
117 176
118 160
118 161
118 163
118 164
118 165
118 168
118 169
118 177
118 178
119 160
119 162
119 166
119 172
119 173
119 176
119 178
120 162
120 163
120 165
120 167
120 168
120 169
120 174
120 175
120 176
120 178
121 165
121 166
121 170
121 172
121 179
122 161
122 167
122 172
122 173
122 179
123 160
123 161
123 166
123 172
123 173
123 174
123 176
123 178
124 164
124 165
124 168
124 174
124 177
124 178
124 179
125 161
125 162
125 164
125 165
125 168
125 170
125 177
126 161
126 164
126 166
126 170
126 173
126 174
126 175
126 177
127 160
127 163
127 164
127 166
127 168
127 175
127 176
128 162
128 163
128 164
128 169
128 171
128 173
128 174
128 176
128 177
128 179
129 162
129 164
129 170
129 171
129 176
130 161
130 162
130 164
130 165
130 167
130 169
130 171
130 172
130 174
130 175
130 179
131 162
131 163
131 175
131 178
131 179
132 160
132 163
132 167
132 169
132 171
132 172
132 174
132 177
133 162
133 169
133 172
133 176
133 178
134 163
134 164
134 165
134 166
134 167
134 174
134 175
134 176
135 167
135 168
135 171
135 172
135 174
135 179
136 161
136 167
136 169
136 170
136 177
137 160
137 161
137 165
137 166
137 170
137 172
137 175
138 162
138 166
138 167
138 170
138 174
138 179
139 168
139 169
139 171
139 172
139 173
139 175
140 160
140 162
140 163
140 164
140 170
140 172
140 174
140 178
141 160
141 161
141 164
141 165
141 169
141 170
141 176
142 160
142 163
142 166
142 169
142 173
142 174
142 176
142 179
143 164
143 166
143 167
143 170
143 172
143 174
143 176
143 177
144 162
144 163
144 164
144 172
144 176
144 178
145 161
145 164
145 167
145 168
145 173
145 174
145 175
145 176
145 177
146 161
146 162
146 165
146 167
146 168
146 170
146 172
146 174
146 175
146 178
147 161
147 168
147 169
147 170
147 177
147 178
148 161
148 162
148 164
148 169
148 171
148 175
149 161
149 162
149 166
149 167
149 168
149 169
149 173
149 179
150 160
150 165
150 167
150 170
150 172
150 174
150 175
150 177
150 178
151 161
151 163
151 165
151 167
151 172
151 173
151 176
151 178
152 162
152 164
152 169
152 170
152 171
152 172
152 177
153 162
153 163
153 166
153 168
153 172
153 175
153 176
153 177
153 179
154 162
154 164
154 166
154 168
154 169
154 174
154 175
154 177
154 179
155 161
155 162
155 164
155 172
155 174
155 177
156 161
156 163
156 164
156 166
156 168
156 169
156 178
157 165
157 167
157 169
157 171
157 172
157 173
157 174
157 175
157 176
157 178
157 179
158 162
158 163
158 169
158 170
158 171
158 172
158 173
158 176
158 177
158 178
159 160
159 164
159 167
159 168
159 170
159 171
159 173
159 174
159 176
159 177
159 178
