60 341
0 41
0 44
0 45
0 46
0 47
0 48
0 55
0 56
0 59
1 40
1 41
1 42
1 44
1 45
1 46
1 47
1 50
1 51
1 55
1 56
1 57
1 58
2 41
2 45
2 49
2 53
2 56
2 57
3 41
3 42
3 44
3 48
3 50
3 52
3 57
3 58
4 41
4 44
4 47
4 50
4 53
4 54
4 56
4 58
4 59
5 41
5 42
5 46
5 51
5 54
5 58
6 40
6 41
6 44
6 45
6 47
6 52
6 56
7 41
7 45
7 50
7 53
7 56
7 57
7 58
7 59
8 40
8 42
8 44
8 47
8 51
8 52
8 55
9 40
9 41
9 43
9 45
9 49
9 50
9 56
10 46
10 47
10 48
10 49
10 52
10 53
10 59
11 41
11 42
11 46
11 51
11 52
11 54
11 56
11 57
12 40
12 44
12 45
12 46
12 48
12 49
12 50
12 52
12 54
12 55
12 56
12 57
13 40
13 44
13 45
13 46
13 48
13 49
13 50
13 55
13 57
14 41
14 45
14 54
14 57
14 58
15 42
15 43
15 44
15 45
15 47
15 48
15 50
15 53
15 56
15 58
16 43
16 44
16 49
16 51
16 52
16 55
16 57
16 59
17 42
17 47
17 48
17 49
17 50
17 52
17 54
17 55
17 56
17 57
17 58
17 59
18 40
18 47
18 52
18 54
18 55
18 56
18 57
19 40
19 44
19 49
19 54
19 55
19 56
19 57
20 41
20 46
20 47
20 51
20 53
20 55
20 57
20 59
21 40
21 42
21 43
21 44
21 49
21 50
21 51
21 52
21 54
21 55
21 56
21 58
22 42
22 43
22 46
22 49
22 51
22 54
22 55
22 56
23 43
23 45
23 46
23 49
23 51
23 52
23 53
23 59
24 41
24 42
24 49
24 52
24 55
24 58
25 40
25 43
25 44
25 45
25 46
25 53
25 54
25 55
25 58
26 40
26 42
26 44
26 47
26 53
26 54
26 58
27 40
27 41
27 42
27 44
27 46
27 48
27 50
27 52
27 53
27 54
27 56
28 43
28 44
28 46
28 49
28 50
28 51
28 52
28 57
28 58
28 59
29 45
29 46
29 48
29 50
29 54
29 56
29 57
29 59
30 40
30 42
30 44
30 45
30 46
30 47
30 48
30 53
30 58
31 43
31 44
31 46
31 47
31 49
31 51
31 52
31 59
32 40
32 41
32 42
32 43
32 52
32 57
32 59
33 40
33 42
33 43
33 44
33 47
33 49
33 50
33 51
33 54
33 56
34 41
34 42
34 44
34 45
34 46
34 48
34 49
34 50
34 53
34 56
35 41
35 43
35 46
35 47
35 49
35 51
35 53
35 54
35 57
36 42
36 43
36 45
36 46
36 47
36 49
36 51
36 52
36 55
36 58
36 59
37 40
37 41
37 42
37 45
37 46
37 47
37 49
37 51
37 53
37 54
37 56
37 57
38 42
38 44
38 49
38 52
38 56
39 45
39 47
39 49
39 50
39 53
39 55
39 56
39 59
