60 330
0 41
0 46
0 47
0 49
0 50
0 51
0 52
0 53
0 55
0 58
1 43
1 44
1 46
1 50
1 52
1 54
2 46
2 48
2 49
2 50
2 54
2 56
2 57
2 58
3 40
3 41
3 43
3 44
3 48
3 49
3 50
3 51
3 52
3 55
3 56
3 57
4 40
4 41
4 42
4 45
4 47
4 50
4 52
4 55
4 56
5 41
5 43
5 44
5 49
5 52
5 53
5 55
6 42
6 45
6 46
6 49
6 51
6 52
6 56
6 58
6 59
7 40
7 41
7 44
7 47
7 51
7 54
7 57
7 59
8 40
8 43
8 44
8 55
8 57
8 58
8 59
9 43
9 46
9 47
9 49
9 50
9 54
9 55
10 41
10 45
10 49
10 51
10 52
10 53
10 59
11 40
11 46
11 50
11 54
11 55
11 56
11 57
12 45
12 46
12 48
12 50
12 51
12 54
12 57
12 58
13 46
13 48
13 50
13 54
13 56
13 57
13 58
13 59
14 40
14 44
14 47
14 48
14 50
14 51
14 55
14 56
14 59
15 45
15 46
15 47
15 53
15 55
16 42
16 43
16 44
16 46
16 47
16 49
16 51
16 52
17 40
17 41
17 43
17 46
17 47
17 50
17 52
17 53
17 57
18 41
18 47
18 48
18 49
18 50
18 51
18 54
18 55
18 59
19 40
19 42
19 46
19 48
19 52
19 53
19 54
19 55
19 58
20 42
20 44
20 48
20 49
20 50
20 51
20 52
20 53
20 55
20 57
20 58
20 59
21 43
21 46
21 50
21 52
21 53
21 54
21 57
21 58
22 41
22 42
22 44
22 45
22 47
22 48
22 50
22 51
22 52
22 53
22 56
23 42
23 44
23 46
23 49
23 51
23 59
24 40
24 42
24 49
24 51
24 54
24 56
24 59
25 41
25 42
25 43
25 44
25 45
25 48
25 52
25 53
25 54
25 55
25 58
26 43
26 48
26 51
26 53
26 54
26 57
27 43
27 46
27 49
27 50
27 51
27 52
27 53
27 57
27 58
27 59
28 42
28 44
28 46
28 50
28 52
28 55
28 59
29 40
29 41
29 43
29 44
29 47
29 48
29 49
29 50
29 51
29 53
29 55
30 42
30 47
30 52
30 53
30 54
30 55
30 56
30 58
31 41
31 45
31 48
31 50
31 52
31 53
32 40
32 42
32 47
32 51
32 52
32 53
32 54
32 57
32 58
33 41
33 42
33 48
33 50
33 52
33 54
33 59
34 43
34 45
34 48
34 49
34 50
34 51
34 54
34 55
35 40
35 43
35 46
35 47
35 49
35 51
35 54
35 57
36 41
36 43
36 45
36 47
36 49
36 52
36 53
36 54
36 57
36 58
37 40
37 43
37 44
37 48
37 55
37 57
37 58
37 59
38 41
38 48
38 56
38 59
39 40
39 41
39 46
39 47
39 50
39 51
39 53
39 55
39 56
39 57
39 59
