60 290
0 43
0 44
0 46
0 49
0 54
0 55
0 57
0 59
1 43
1 44
1 45
1 51
1 54
1 56
1 57
1 58
1 59
2 43
2 52
2 55
2 59
3 40
3 42
3 43
3 44
3 49
3 53
3 55
3 57
4 41
4 42
4 45
4 47
4 50
4 52
4 53
4 54
4 55
5 41
5 44
5 46
5 48
5 52
6 40
6 41
6 47
6 51
6 52
6 54
6 56
6 57
6 59
7 42
7 48
7 51
7 55
7 58
8 46
8 48
8 50
8 53
9 42
9 44
9 45
9 47
9 48
9 55
9 56
10 41
10 42
10 44
10 45
10 46
10 47
10 50
10 54
10 55
10 58
11 44
11 45
11 48
11 50
11 58
11 59
12 41
12 43
12 45
12 46
12 48
12 53
12 54
12 56
12 59
13 42
13 43
13 44
13 46
13 49
13 50
13 51
13 53
13 54
13 56
13 58
14 42
14 43
14 46
14 50
14 51
14 52
14 54
14 55
14 57
14 58
14 59
15 41
15 42
15 43
15 44
15 45
15 50
15 52
15 53
15 54
15 55
15 56
15 57
16 41
16 43
16 45
16 48
16 55
16 57
17 42
17 43
17 44
17 46
17 47
17 49
18 41
18 45
18 50
18 52
18 55
18 56
18 57
18 58
19 41
19 43
19 53
19 59
20 40
20 43
20 45
20 52
20 53
20 54
21 40
21 41
21 44
21 45
21 49
21 54
21 58
21 59
22 42
22 45
22 46
22 52
22 53
22 55
22 57
22 58
23 41
23 42
23 43
23 48
23 56
23 57
23 58
24 40
24 43
24 47
24 51
24 53
24 58
25 43
25 48
25 51
25 53
25 57
26 40
26 42
26 43
26 47
26 48
26 54
27 41
27 43
27 44
28 40
28 41
28 47
28 49
28 51
28 52
28 54
28 56
28 59
29 41
29 43
29 47
29 49
29 50
29 52
29 57
30 44
30 45
30 46
30 48
30 59
31 43
31 45
31 46
31 49
31 51
31 55
32 43
32 44
32 48
32 52
32 54
32 56
32 57
33 40
33 44
33 47
33 48
33 50
33 54
33 55
33 56
33 59
34 40
34 45
34 46
34 48
34 49
34 50
34 51
34 54
35 43
35 52
35 58
36 40
36 41
36 44
36 45
36 46
36 49
36 51
36 52
36 53
36 57
36 59
37 42
37 44
37 50
37 53
37 54
37 55
37 56
37 58
37 59
38 45
38 46
38 47
38 49
38 51
38 54
38 59
39 40
39 42
39 43
39 44
39 48
39 51
39 52
39 57
39 58
