660 5087
0 640
0 641
0 645
0 646
0 648
0 651
0 654
0 656
0 658
1 642
1 645
1 650
1 651
1 654
1 657
2 640
2 641
2 642
2 648
2 650
2 651
2 652
2 654
2 655
3 646
3 647
3 650
3 653
3 657
3 658
3 659
4 640
4 644
4 649
4 655
4 656
4 659
5 642
5 646
5 648
5 649
5 653
5 655
5 656
5 658
6 644
6 649
6 654
6 657
6 658
6 659
7 641
7 643
7 648
7 652
7 653
7 655
7 656
7 657
8 642
8 645
8 646
8 648
8 649
8 654
8 656
8 658
9 640
9 641
9 643
9 644
9 648
9 650
9 652
9 653
9 654
9 656
9 657
10 642
10 643
10 644
10 645
10 649
10 652
10 654
10 656
10 658
11 640
11 641
11 642
11 645
11 650
11 651
11 654
11 657
11 658
12 640
12 641
12 646
12 649
12 651
12 655
12 656
13 641
13 643
13 645
13 648
13 649
13 653
13 654
13 655
13 657
13 658
14 643
14 644
14 645
14 647
14 654
14 656
14 659
15 640
15 648
15 650
15 651
15 658
15 659
16 641
16 642
16 643
16 644
16 645
16 647
16 648
16 650
16 651
16 652
16 653
16 655
16 656
17 641
17 643
17 646
17 649
17 651
17 652
17 653
17 655
17 656
18 640
18 643
18 644
18 647
18 648
18 649
18 654
18 655
18 656
18 657
18 659
19 640
19 646
19 648
19 651
19 652
19 653
19 655
19 657
19 659
20 640
20 641
20 642
20 645
20 646
20 647
20 648
20 652
20 653
20 655
20 658
21 640
21 643
21 649
21 655
21 659
22 640
22 642
22 644
22 648
22 651
22 652
22 653
22 657
22 659
23 641
23 642
23 643
23 646
23 648
23 650
23 653
23 657
24 642
24 643
24 644
24 647
24 648
24 650
24 653
24 655
24 658
24 659
25 641
25 643
25 644
25 645
25 646
25 647
25 650
25 651
25 653
25 656
25 659
26 641
26 643
26 644
26 647
26 651
26 655
26 658
26 659
27 641
27 645
27 646
27 655
27 658
28 642
28 644
28 647
28 648
28 649
28 650
28 651
28 652
28 653
28 656
29 642
29 644
29 645
29 649
29 651
29 655
29 657
29 658
30 640
30 648
30 649
30 654
30 656
31 642
31 647
31 651
31 656
31 659
32 641
32 643
32 644
32 646
32 647
32 650
32 652
32 653
32 654
33 642
33 643
33 644
33 646
33 648
33 652
33 654
33 656
33 657
33 659
34 643
34 646
34 649
34 650
34 651
34 653
34 655
34 656
35 641
35 646
35 657
35 658
36 640
36 641
36 643
36 645
36 646
36 651
36 652
36 653
36 654
37 642
37 643
37 645
37 648
37 650
37 652
37 656
38 641
38 642
38 645
38 647
38 649
38 651
38 653
38 656
38 657
39 642
39 645
39 649
39 655
39 656
39 657
40 640
40 641
40 642
40 644
40 646
40 650
40 654
40 658
41 640
41 641
41 645
41 648
41 649
41 651
41 657
41 659
42 643
42 645
42 647
42 648
42 649
42 650
42 651
42 652
43 643
43 644
43 646
43 650
43 655
43 656
43 659
44 643
44 644
44 645
44 646
44 648
44 650
44 652
44 653
44 654
44 656
44 657
44 658
45 641
45 643
45 644
45 647
45 648
45 651
45 652
45 654
45 655
45 656
45 657
45 659
46 640
46 641
46 642
46 645
46 649
46 651
46 653
46 657
46 658
47 643
47 645
47 650
47 654
47 657
47 658
47 659
48 640
48 647
48 652
48 657
48 659
49 641
49 642
49 645
49 646
49 648
49 649
49 656
49 657
50 641
50 642
50 643
50 646
50 648
50 649
50 655
50 656
51 642
51 648
51 650
51 651
51 658
52 640
52 641
52 644
52 645
52 650
52 651
52 652
52 653
52 656
52 658
52 659
53 640
53 642
53 643
53 644
53 649
53 650
53 652
53 654
54 641
54 644
54 653
54 656
54 658
55 642
55 643
55 644
55 647
55 648
55 653
55 655
55 657
55 659
56 642
56 643
56 645
56 649
56 650
56 659
57 641
57 642
57 643
57 644
57 646
57 647
57 652
58 642
58 643
58 644
58 645
58 647
58 649
58 651
58 658
59 642
59 643
59 644
59 645
59 646
59 647
59 656
59 658
60 642
60 646
60 649
60 650
60 651
60 655
60 658
61 640
61 642
61 645
61 654
61 658
61 659
62 644
62 645
62 651
62 656
63 641
63 645
63 646
63 651
63 652
63 653
63 655
63 656
63 659
64 642
64 643
64 644
64 646
64 647
64 650
64 651
64 653
64 656
64 658
65 640
65 643
65 644
65 646
65 648
65 649
65 654
65 656
65 657
65 658
66 643
66 645
66 649
66 651
66 654
66 655
66 657
67 643
67 648
67 649
67 654
67 657
67 658
68 640
68 641
68 643
68 645
68 646
68 647
68 651
68 654
68 655
68 656
68 657
69 640
69 642
69 643
69 644
69 647
69 656
70 643
70 646
70 647
70 651
70 654
71 646
71 648
71 650
71 652
71 655
71 659
72 641
72 643
72 644
72 649
72 651
72 653
72 655
73 641
73 643
73 646
73 647
73 648
73 655
74 641
74 642
74 647
74 650
74 651
74 654
74 656
74 659
75 640
75 641
75 642
75 643
75 645
75 646
75 649
75 651
75 652
75 656
76 645
76 646
76 650
76 653
76 654
76 658
76 659
77 642
77 644
77 645
77 647
77 648
77 649
77 652
77 654
77 655
77 657
78 641
78 642
78 644
78 651
78 652
78 653
78 654
79 642
79 643
79 645
79 649
79 650
79 651
79 652
79 654
80 640
80 642
80 645
80 646
80 647
80 649
80 654
80 656
80 658
81 643
82 641
82 642
82 644
82 646
82 647
82 652
82 655
82 656
82 658
83 640
83 643
83 647
83 651
83 653
83 657
83 658
84 640
84 643
84 644
84 646
84 647
84 648
84 650
84 652
84 659
85 640
85 643
85 644
85 646
85 649
85 653
85 654
85 658
86 641
86 643
86 645
86 648
86 651
86 652
86 653
86 658
87 641
87 644
87 646
87 648
87 649
87 651
87 652
87 653
87 654
87 655
88 640
88 648
88 649
88 652
88 654
88 656
88 657
88 658
89 644
89 646
89 650
89 652
89 653
89 654
89 655
89 657
89 658
90 644
90 646
90 648
90 656
90 658
91 640
91 641
91 642
91 644
91 645
91 651
91 653
91 656
91 657
91 658
91 659
92 641
92 649
92 650
92 651
92 652
93 641
93 643
93 649
93 652
93 654
93 656
93 657
93 658
93 659
94 640
94 642
94 643
94 644
94 645
94 647
94 649
94 653
94 657
94 659
95 641
95 646
95 648
95 651
95 652
95 653
95 659
96 641
96 643
96 644
96 645
96 646
96 650
96 651
96 659
97 641
97 642
97 646
97 647
97 648
97 649
97 652
97 653
97 654
97 657
97 658
97 659
98 644
98 645
98 646
98 647
98 648
98 650
98 652
98 656
98 659
99 640
99 641
99 642
99 643
99 645
99 647
99 649
99 653
99 654
99 656
99 658
100 640
100 642
100 643
100 644
100 646
100 647
100 652
100 654
100 658
100 659
101 643
101 644
101 645
101 646
101 647
101 649
101 651
101 653
101 656
101 658
102 640
102 644
102 646
102 649
102 650
102 652
102 655
102 656
102 657
103 646
103 649
103 651
103 656
103 659
104 640
104 649
104 651
104 657
104 658
105 641
105 642
105 643
105 646
105 654
105 655
105 656
105 659
106 641
106 645
106 646
106 648
106 655
106 656
106 657
107 640
107 642
107 648
107 650
107 651
107 657
107 659
108 641
108 643
108 644
108 647
108 650
108 655
108 657
108 658
108 659
109 641
109 642
109 648
109 649
109 652
109 653
109 654
109 655
110 640
110 645
110 647
110 648
110 650
110 651
110 656
110 657
110 658
111 640
111 642
111 648
111 650
111 651
111 655
111 659
112 640
112 642
112 643
112 644
112 645
112 648
112 649
112 653
112 654
112 657
113 642
113 643
113 645
113 651
113 653
113 657
113 658
114 640
114 641
114 642
114 643
114 647
114 649
114 650
114 651
114 653
114 658
115 641
115 643
115 645
115 647
115 649
115 651
115 653
115 654
115 657
115 659
116 640
116 641
116 642
116 643
116 644
116 647
116 649
116 651
116 655
116 658
117 641
117 643
117 645
117 646
117 647
117 648
117 649
117 650
117 651
117 652
117 656
118 641
118 642
118 649
118 650
118 651
118 655
118 658
119 642
119 643
119 647
119 649
119 652
119 653
119 654
119 657
119 658
119 659
120 641
120 643
120 645
120 646
120 649
120 653
120 656
121 642
121 650
121 651
121 652
121 655
122 646
122 654
122 655
122 657
122 659
123 643
123 646
123 649
123 653
123 654
123 657
123 658
124 640
124 642
124 647
124 650
124 651
124 658
124 659
125 646
125 647
125 649
125 651
125 652
125 656
126 640
126 641
126 643
126 645
126 650
126 652
126 654
126 657
127 641
127 645
127 650
127 651
127 653
127 654
127 656
127 658
127 659
128 640
128 641
128 643
128 644
128 645
128 648
128 650
128 655
128 656
128 657
128 658
129 641
129 642
129 643
129 644
129 648
129 649
129 652
129 655
129 659
130 640
130 641
130 642
130 646
130 648
130 649
130 653
130 654
130 657
130 658
131 640
131 641
131 642
131 643
131 644
131 645
131 648
131 650
131 653
131 659
132 641
132 642
132 643
132 645
132 646
132 648
132 651
132 656
132 657
133 645
133 646
133 652
133 654
133 656
133 657
133 658
134 643
134 645
134 647
134 649
134 652
134 654
135 640
135 643
135 650
135 651
135 654
135 656
135 657
136 641
136 642
136 646
136 648
136 650
136 651
136 652
136 654
136 656
137 642
137 644
137 645
137 646
137 648
137 650
137 652
137 654
137 656
137 659
138 640
138 642
138 648
138 649
138 654
138 656
138 657
138 658
139 640
139 643
139 644
139 646
139 648
139 652
139 653
139 654
140 643
140 646
140 648
140 652
140 653
140 658
141 642
141 647
141 648
141 650
141 652
141 654
141 659
142 641
142 644
142 645
142 646
142 647
142 648
142 649
142 650
142 652
142 657
142 658
142 659
143 642
143 643
143 647
143 648
143 649
143 650
143 656
143 659
144 640
144 643
144 644
144 646
144 647
144 655
144 656
144 659
145 643
145 645
145 646
145 648
145 650
145 653
145 658
145 659
146 640
146 642
146 643
146 644
146 647
146 648
146 649
146 650
146 651
146 652
146 653
146 654
146 655
146 657
146 658
147 640
147 641
147 642
147 644
147 649
147 650
147 651
147 656
147 657
148 641
148 647
148 648
148 649
148 652
148 654
148 657
149 640
149 644
149 645
149 650
149 651
149 659
150 641
150 643
150 644
150 645
150 647
150 648
150 654
150 659
151 642
151 645
151 650
151 655
151 658
151 659
152 640
152 644
152 646
152 650
152 651
152 653
152 658
152 659
153 640
153 643
153 644
153 646
153 647
153 648
153 649
153 651
153 657
154 640
154 647
154 648
154 652
154 656
155 641
155 644
155 646
155 647
155 648
155 651
155 652
155 654
155 655
155 656
156 641
156 642
156 646
156 647
156 649
156 651
156 652
156 656
156 657
156 659
157 641
157 643
157 646
157 648
157 650
157 652
157 653
157 655
157 658
157 659
158 643
158 644
158 647
158 649
158 651
158 652
158 654
158 658
159 641
159 645
159 646
159 647
159 649
159 652
159 655
159 659
160 641
160 644
160 651
160 652
160 653
160 656
160 658
160 659
161 640
161 643
161 644
161 647
161 649
161 651
161 653
161 659
162 642
162 645
162 647
162 648
162 650
162 653
162 658
162 659
163 648
163 650
163 654
164 641
164 643
164 644
164 645
164 646
164 647
164 649
164 652
164 653
164 654
165 640
165 642
165 643
165 644
165 645
165 648
165 653
165 655
165 657
165 658
166 640
166 642
166 645
166 646
166 647
166 648
166 649
166 651
166 657
166 659
167 640
167 644
167 649
167 650
167 651
167 653
167 657
168 640
168 641
168 644
168 645
168 647
168 650
168 653
168 656
169 642
169 644
169 645
169 646
169 648
169 649
169 650
169 651
169 653
169 654
169 657
169 659
170 640
170 642
170 645
170 649
170 653
170 656
170 657
171 640
171 645
171 646
171 648
171 651
171 652
171 654
171 655
171 656
171 658
172 644
172 647
172 654
172 657
173 642
173 646
173 648
173 649
173 652
173 654
173 655
173 659
174 641
174 643
174 647
174 650
174 652
174 655
175 641
175 643
175 645
175 646
176 642
176 647
176 650
176 651
176 653
176 654
176 656
176 658
176 659
177 640
177 643
177 647
177 648
177 656
177 657
177 658
178 645
178 646
178 649
178 651
178 652
178 654
178 656
178 659
179 640
179 641
179 642
179 653
179 654
179 655
179 657
179 658
180 641
180 646
180 649
180 650
180 652
180 653
180 657
181 640
181 641
181 642
181 645
181 647
181 648
181 649
181 652
181 653
181 656
182 643
182 645
182 646
182 652
182 656
182 657
182 659
183 640
183 641
183 642
183 646
183 650
183 652
183 656
183 658
183 659
184 641
184 645
184 646
184 650
184 651
184 652
184 656
184 658
185 640
185 642
185 643
185 646
185 647
185 649
185 650
185 651
185 656
185 657
186 640
186 642
186 644
186 646
186 648
186 651
186 652
186 653
186 659
187 640
187 642
187 645
187 647
187 648
187 649
187 652
187 655
187 657
188 642
188 647
188 649
188 652
188 659
189 640
189 643
189 645
189 648
189 649
189 650
189 652
189 653
189 657
189 658
190 647
190 650
190 651
190 654
190 656
190 658
191 640
191 641
191 643
191 645
191 646
191 648
191 649
191 652
191 657
192 640
192 641
192 645
192 646
192 647
192 648
192 649
192 651
192 653
192 655
192 656
193 640
193 643
193 644
193 645
193 647
193 648
193 650
193 654
194 642
194 647
194 649
194 653
194 655
194 656
194 657
194 658
195 641
195 642
195 643
195 644
195 645
195 647
195 650
195 652
195 653
195 654
195 656
196 640
196 641
196 642
196 648
196 649
196 650
196 653
196 654
196 656
196 659
197 644
197 645
197 646
197 648
197 650
197 652
197 653
197 654
197 658
198 640
198 641
198 644
198 646
198 651
198 655
198 656
199 644
199 645
199 648
199 651
199 652
199 655
199 658
199 659
200 645
200 646
200 650
200 653
200 656
200 657
200 659
201 640
201 642
201 643
201 644
201 653
201 654
201 655
201 656
201 659
202 640
202 641
202 642
202 643
202 644
202 648
202 651
202 652
202 653
202 655
202 656
202 657
202 658
203 642
203 643
203 644
203 648
203 651
203 655
203 657
204 641
204 642
204 643
204 644
204 647
204 653
204 656
204 658
204 659
205 641
205 644
205 648
205 649
205 651
205 652
205 654
205 656
206 640
206 644
206 645
206 646
206 647
206 650
206 654
206 657
207 640
207 641
207 645
207 646
207 647
207 650
207 656
208 640
208 644
208 649
208 651
208 653
208 659
209 641
209 642
209 643
209 649
209 655
210 640
210 641
210 646
210 647
210 649
210 650
210 651
210 652
210 654
210 656
211 640
211 641
211 648
211 654
211 656
212 642
212 645
212 648
212 649
212 651
212 652
212 654
212 655
212 656
212 657
212 658
213 642
213 645
213 646
213 647
213 651
213 654
213 655
213 656
213 658
214 643
214 644
214 648
214 650
214 652
214 653
214 655
214 656
214 658
214 659
215 641
215 642
215 644
215 646
215 647
215 648
215 649
215 651
215 657
216 645
216 647
216 648
216 649
216 650
216 651
216 652
216 656
216 659
217 644
217 645
217 648
217 649
217 650
217 655
217 656
218 643
218 644
218 647
218 648
218 649
218 651
218 654
218 655
218 659
219 641
219 644
219 647
219 648
219 649
219 654
219 656
219 658
220 640
220 644
220 646
220 647
220 650
220 651
220 653
220 655
220 659
221 641
221 642
221 643
221 645
221 646
221 649
221 650
221 658
221 659
222 642
222 648
222 649
222 654
222 655
222 656
223 641
223 643
223 644
223 646
223 651
223 652
223 653
223 655
223 659
224 642
224 643
224 646
224 648
224 649
224 653
224 654
224 656
224 658
225 640
225 641
225 643
225 644
225 647
225 650
225 651
225 652
225 656
226 640
226 641
226 642
226 644
226 645
226 646
226 650
226 653
226 654
227 643
227 645
227 646
227 651
227 657
228 643
228 648
228 649
228 650
228 651
228 652
228 654
228 657
229 641
229 643
229 646
229 651
229 652
229 653
229 654
230 640
230 643
230 644
230 646
230 648
230 649
230 654
230 656
230 658
231 640
231 645
231 647
231 652
231 654
231 656
231 658
231 659
232 641
232 642
232 643
232 645
232 651
232 657
232 659
233 640
233 642
233 643
233 645
233 649
233 650
233 651
233 652
233 653
233 657
234 641
234 646
234 647
234 649
234 650
234 651
234 652
234 657
234 658
235 641
235 642
235 647
235 649
235 654
235 655
235 657
235 658
235 659
236 644
236 646
236 648
236 654
236 659
237 640
237 644
237 648
237 650
237 652
237 655
237 658
238 640
238 642
238 645
238 646
238 647
238 648
238 650
238 651
238 653
238 657
238 659
239 643
239 644
239 645
239 646
239 650
239 651
239 653
239 654
239 655
239 656
239 657
239 659
240 640
240 642
240 652
240 656
240 657
240 659
241 642
241 643
241 645
241 647
241 649
241 653
241 657
242 643
242 644
242 645
242 647
242 648
242 654
243 642
243 646
243 652
243 654
243 656
243 657
244 641
244 644
244 646
244 648
244 650
244 655
244 657
245 640
245 641
245 644
245 646
245 648
245 650
245 652
245 656
245 658
245 659
246 643
246 644
246 646
246 649
246 650
246 654
246 657
246 658
247 640
247 641
247 645
247 646
247 649
247 650
247 651
247 652
247 654
247 655
247 658
248 640
248 642
248 644
248 646
248 647
248 649
248 651
249 640
249 643
249 645
249 647
249 651
249 652
250 640
250 644
250 646
250 650
250 652
250 653
250 654
250 657
251 641
251 643
251 644
251 649
251 654
251 656
252 640
252 643
252 644
252 645
252 646
252 648
252 650
252 652
252 654
252 655
252 659
253 640
253 644
253 649
253 650
253 655
253 659
254 644
254 653
254 654
254 655
254 656
255 642
255 645
255 648
255 657
255 659
256 647
256 652
256 653
256 657
257 640
257 641
257 645
257 649
257 651
257 653
257 656
258 640
258 644
258 648
258 649
258 653
258 654
258 656
258 657
259 640
259 643
259 652
259 653
259 655
259 656
259 657
259 658
260 640
260 642
260 645
260 646
260 648
260 649
260 655
260 656
260 658
261 640
261 643
261 647
261 652
261 654
261 655
261 656
262 642
262 643
262 645
262 647
262 650
262 653
262 654
262 655
263 641
263 643
263 646
263 651
263 655
263 657
263 658
264 643
264 649
264 651
264 652
264 655
264 656
264 658
265 644
265 645
265 646
265 648
265 650
265 651
265 652
265 654
265 659
266 641
266 643
266 646
266 647
266 648
266 652
266 655
266 656
266 658
267 644
267 646
267 651
267 653
267 656
268 640
268 642
268 643
268 644
268 645
268 647
268 652
268 653
268 655
268 657
268 658
269 643
269 644
269 645
269 647
269 648
269 649
269 651
269 653
269 656
269 657
269 658
269 659
270 646
270 649
270 650
270 651
270 654
270 655
270 656
270 657
270 658
270 659
271 640
271 641
271 643
271 644
271 645
271 648
271 651
271 655
271 656
271 657
271 658
271 659
272 640
272 641
272 642
272 643
272 644
272 646
272 647
272 654
272 655
272 659
273 642
273 644
273 645
273 646
273 648
273 649
273 651
273 652
273 655
273 656
274 645
274 648
274 649
274 651
274 658
275 642
275 646
275 649
275 658
276 646
276 648
276 650
276 652
276 657
277 640
277 641
277 642
277 644
277 645
277 646
277 651
277 652
277 658
277 659
278 642
278 644
278 645
278 647
278 648
278 652
278 655
278 656
278 658
279 640
279 642
279 644
279 646
279 647
279 650
279 651
279 652
279 657
280 640
280 641
280 644
280 645
280 647
280 648
280 650
280 653
280 654
280 656
281 641
281 642
281 643
281 645
281 647
281 649
281 650
281 652
281 654
281 657
282 641
282 642
282 643
282 644
282 645
282 650
282 657
282 659
283 645
283 646
283 647
283 648
283 649
283 650
283 651
283 652
283 654
283 657
283 658
284 640
284 642
284 643
284 644
284 645
284 656
284 658
284 659
285 640
285 642
285 644
285 646
285 648
285 649
285 650
285 651
285 657
286 643
286 644
286 646
286 647
286 654
286 657
287 641
287 643
287 645
287 646
287 647
287 650
287 651
287 652
287 653
287 654
287 659
288 641
288 644
288 648
288 650
288 653
288 656
289 645
289 652
289 653
289 654
289 655
289 656
289 657
289 659
290 641
290 644
290 648
290 654
290 655
290 657
290 659
291 645
291 646
291 647
291 648
291 649
291 651
291 652
291 653
292 640
292 641
292 646
292 647
292 655
292 659
293 642
293 643
293 644
293 646
293 653
293 655
293 659
294 641
294 642
294 646
294 653
294 656
295 640
295 641
295 644
295 645
295 646
295 650
295 651
295 652
295 653
295 654
295 659
296 640
296 643
296 645
296 646
296 648
296 650
296 655
297 640
297 644
297 648
297 649
297 650
297 655
297 656
297 659
298 640
298 641
298 643
298 644
298 645
298 646
298 650
298 651
298 657
299 640
299 642
299 648
299 650
299 652
299 655
299 658
300 641
300 644
300 645
300 646
300 649
300 650
300 652
300 653
300 654
300 657
300 659
301 640
301 643
301 645
301 647
301 651
301 655
301 657
301 659
302 640
302 641
302 644
302 645
302 647
302 649
302 650
302 654
302 655
303 640
303 641
303 643
303 649
303 650
303 651
303 652
303 653
303 656
303 657
304 645
304 647
304 649
304 651
304 657
304 658
304 659
305 640
305 646
305 651
305 655
305 658
306 641
306 643
306 645
306 647
306 648
306 653
306 654
306 657
307 640
307 644
307 647
307 648
307 649
307 652
307 653
307 655
307 656
307 659
308 641
308 644
308 648
308 651
308 653
308 654
308 657
309 640
309 641
309 644
309 648
309 649
309 652
309 653
309 656
309 659
310 640
310 641
310 647
310 649
310 650
310 651
310 655
311 641
311 642
311 643
311 648
311 649
311 651
311 652
311 654
311 656
311 658
311 659
312 641
312 644
312 648
312 649
312 650
312 653
312 654
312 655
312 656
312 659
313 640
313 643
313 644
313 646
313 648
313 649
313 651
313 653
313 657
314 645
314 646
314 647
314 650
314 654
314 655
314 657
315 645
315 648
315 649
315 659
316 641
316 642
316 647
316 648
316 649
316 653
316 657
316 658
317 640
317 644
317 645
317 648
317 650
317 651
317 655
317 656
317 657
317 659
318 641
318 643
318 645
318 647
318 648
318 649
318 655
318 657
318 659
319 641
319 642
319 646
319 648
319 652
319 653
319 656
319 658
320 642
320 651
320 653
320 654
320 657
321 640
321 643
321 645
321 646
321 647
321 649
321 651
321 652
321 656
321 658
322 641
322 642
322 644
322 645
322 647
322 648
322 650
322 655
322 658
322 659
323 641
323 645
323 647
323 648
323 653
323 656
324 643
324 646
324 647
324 648
324 650
324 656
324 657
324 659
325 646
325 649
325 650
325 651
325 652
325 653
325 654
325 659
326 640
326 642
326 643
326 648
326 652
326 654
326 656
327 641
327 643
327 648
327 649
327 652
328 640
328 643
328 644
328 646
328 647
328 649
328 652
328 656
328 657
328 658
329 642
329 645
329 647
329 649
329 656
329 657
329 658
330 640
330 642
330 643
330 644
330 646
330 648
330 649
330 650
330 652
330 657
330 659
331 643
331 644
331 646
331 649
331 652
331 655
331 657
332 640
332 641
332 642
332 646
332 647
332 650
332 651
332 658
332 659
333 640
333 643
333 647
333 651
333 653
333 655
333 656
333 658
334 642
334 650
334 652
334 657
334 658
335 641
335 643
335 645
335 651
335 652
335 654
335 659
336 642
336 645
336 647
336 651
336 653
336 655
337 641
337 645
337 646
337 647
337 651
337 655
337 658
337 659
338 640
338 642
338 643
338 644
338 646
338 650
338 651
338 652
338 653
338 654
338 656
338 657
338 658
339 640
339 642
339 645
339 647
339 657
340 640
340 643
340 648
340 649
340 651
340 654
340 655
341 641
341 642
341 643
341 645
341 649
341 650
341 653
341 654
341 656
341 657
342 640
342 641
342 646
342 650
342 651
342 654
342 657
343 640
343 642
343 643
343 644
343 649
343 652
343 655
343 659
344 641
344 642
344 646
344 650
344 654
344 656
344 657
345 641
345 642
345 644
345 646
345 647
345 648
345 649
345 652
345 654
345 656
346 640
346 643
346 644
346 646
346 647
346 648
346 654
346 655
346 656
346 657
346 658
347 640
347 642
347 644
347 646
347 651
347 653
347 656
348 640
348 644
348 645
348 646
348 649
348 650
348 651
348 655
349 642
349 643
349 647
349 648
349 651
349 654
349 655
349 657
350 640
350 641
350 643
350 645
350 646
350 649
350 650
350 656
350 657
350 659
351 641
351 642
351 645
351 646
351 648
351 650
352 640
352 641
352 642
352 646
352 648
352 652
352 653
352 655
353 641
353 642
353 645
353 646
353 649
353 650
353 651
353 655
353 658
354 640
354 641
354 644
354 645
354 649
354 650
354 654
354 655
354 657
354 658
355 640
355 644
355 648
355 649
355 650
355 652
355 655
355 656
355 657
356 641
356 643
356 644
356 651
356 655
356 659
357 645
357 646
357 649
357 652
357 655
357 656
357 657
357 658
358 642
358 644
358 645
358 647
358 648
358 650
358 651
358 652
358 654
358 655
358 656
358 657
358 658
359 640
359 642
359 644
359 648
359 649
359 655
359 657
360 642
360 643
360 645
360 646
360 648
360 649
360 650
360 652
360 654
360 657
360 658
361 642
361 644
361 649
361 655
361 656
362 640
362 641
362 642
362 643
362 645
362 647
362 651
362 652
362 655
362 657
362 658
363 641
363 642
363 643
363 644
363 647
363 648
363 655
363 658
364 645
364 646
364 647
364 649
364 654
364 656
365 640
365 641
365 642
365 646
365 649
365 650
365 653
365 656
366 640
366 641
366 646
366 647
366 651
366 658
367 640
367 643
367 647
367 653
367 654
367 656
367 657
368 641
368 642
368 644
368 646
368 651
368 652
368 653
368 654
368 655
368 657
368 658
368 659
369 644
369 645
369 646
369 648
369 651
369 652
369 654
369 655
370 640
370 641
370 645
370 648
370 654
370 656
371 640
371 644
371 650
371 652
371 654
371 658
371 659
372 640
372 641
372 642
372 644
372 645
372 647
372 649
372 651
372 652
372 658
373 646
373 648
373 654
373 656
373 657
373 658
373 659
374 642
374 644
374 645
374 646
374 648
374 652
374 653
374 654
374 657
374 658
375 641
375 642
375 643
375 646
375 649
375 651
375 652
375 653
375 657
375 658
376 641
376 642
376 644
376 645
376 651
376 656
376 659
377 642
377 643
377 645
377 647
377 648
377 656
378 641
378 645
378 647
378 648
378 650
378 651
378 652
378 654
378 658
378 659
379 640
379 643
379 646
379 647
379 648
379 652
379 654
379 655
379 657
380 645
380 647
380 654
380 657
380 659
381 640
381 642
381 644
381 645
381 647
381 649
381 654
382 641
382 643
382 650
382 651
382 652
382 653
382 655
382 657
382 658
382 659
383 641
383 644
383 647
383 651
383 652
383 653
383 655
383 657
384 646
384 649
384 653
384 658
385 645
385 648
385 650
385 651
385 653
385 657
385 658
386 643
386 649
386 650
386 654
386 657
386 658
386 659
387 640
387 641
387 647
387 651
387 654
387 655
387 656
387 657
387 659
388 640
388 646
388 649
388 650
388 655
388 657
388 658
389 640
389 644
389 655
389 657
389 658
390 641
390 643
390 646
390 649
390 650
390 654
390 655
390 656
390 659
391 641
391 642
391 644
391 646
391 648
391 649
391 652
391 653
391 659
392 640
392 642
392 643
392 644
392 646
392 652
392 655
392 658
393 640
393 642
393 646
393 647
393 656
393 658
394 646
394 647
394 649
394 654
394 655
394 657
395 640
395 641
395 644
395 645
395 648
395 650
395 653
395 655
395 658
395 659
396 643
396 647
396 648
396 649
396 650
396 654
396 658
397 643
397 646
397 648
397 654
397 655
397 656
398 640
398 642
398 647
398 648
398 650
398 652
398 653
398 655
398 657
399 641
399 643
399 646
399 647
399 651
399 653
399 655
399 657
399 658
400 643
400 645
400 647
400 649
400 651
400 654
400 655
400 656
400 659
401 641
401 642
401 643
401 644
401 645
401 646
401 648
401 651
401 652
401 653
401 656
402 640
402 647
402 649
402 655
402 657
402 659
403 641
403 642
403 644
403 646
403 653
403 656
404 644
404 647
404 651
404 655
404 657
405 640
405 641
405 642
405 648
405 651
405 652
405 653
405 657
405 659
406 641
406 642
406 645
406 648
406 651
406 653
406 655
406 656
406 658
407 645
407 646
407 647
407 650
408 641
408 645
408 649
408 650
408 651
408 655
408 656
408 657
409 642
409 644
409 645
409 649
409 650
409 655
409 656
409 659
410 641
410 643
410 647
410 649
410 650
410 655
410 657
411 641
411 642
411 643
411 644
411 646
411 647
411 648
411 649
411 652
411 653
411 654
411 655
411 658
411 659
412 641
412 647
412 653
412 656
412 658
413 640
413 642
413 643
413 648
413 656
414 640
414 644
414 645
414 647
414 648
414 649
414 651
414 653
415 641
415 644
415 646
415 647
415 648
415 650
415 651
415 654
415 657
415 658
416 640
416 641
416 643
416 645
416 647
416 648
416 650
416 658
417 641
417 643
417 644
417 645
417 646
417 648
417 653
417 655
417 658
417 659
418 641
418 644
418 648
418 652
418 655
418 657
419 641
419 642
419 647
419 650
419 652
419 653
419 654
420 642
420 644
420 645
420 648
420 649
420 651
420 652
420 653
420 656
420 657
421 640
421 641
421 642
421 644
421 645
421 646
421 647
421 648
421 653
421 654
421 656
422 643
422 645
422 652
422 654
422 657
422 659
423 641
423 643
423 644
423 646
423 648
423 649
423 650
423 651
423 654
423 656
423 657
423 658
424 640
424 642
424 643
424 644
424 645
424 647
424 648
424 649
424 650
424 651
424 654
424 657
424 658
424 659
425 641
425 642
425 643
425 648
425 651
425 655
425 658
426 643
426 645
426 646
426 647
426 649
426 650
426 654
426 655
426 656
426 658
427 643
427 644
427 646
427 648
427 649
427 654
427 657
428 642
428 643
428 647
428 653
429 640
429 641
429 643
429 648
429 649
429 650
429 652
429 654
430 640
430 649
430 650
430 652
430 655
430 657
430 658
430 659
431 640
431 641
431 642
431 645
431 646
431 649
431 653
431 655
431 656
431 657
431 659
432 640
432 646
432 647
432 648
432 649
432 650
432 651
432 653
432 657
432 658
433 640
433 641
433 649
433 652
433 656
433 659
434 641
434 647
434 649
434 650
434 652
434 657
434 659
435 641
435 642
435 647
435 653
436 642
436 643
436 647
436 650
436 654
436 656
437 640
437 642
437 645
437 649
437 650
437 652
437 653
437 655
437 656
437 658
438 643
438 644
438 647
438 650
438 655
438 657
439 641
439 642
439 645
439 648
439 650
439 659
440 641
440 643
440 647
440 651
440 656
441 642
441 643
441 647
441 653
441 655
441 657
441 658
442 641
442 643
442 644
442 646
442 647
442 648
442 655
443 640
443 642
443 644
443 647
443 648
443 649
443 652
443 654
443 655
443 656
444 641
444 644
444 645
444 646
444 647
444 654
444 657
444 658
445 644
445 646
445 650
445 651
445 652
445 654
445 655
445 656
445 657
445 658
446 647
446 648
446 652
446 654
446 657
446 658
446 659
447 640
447 642
447 643
447 645
447 648
447 651
447 657
448 641
448 642
448 647
448 650
448 651
448 654
448 655
449 641
449 642
449 643
449 644
449 653
449 654
450 641
450 647
450 650
450 651
450 652
450 653
450 655
450 656
450 657
450 658
451 642
451 646
451 649
451 650
451 651
451 652
451 658
451 659
452 640
452 641
452 642
452 643
452 646
452 648
452 654
452 655
453 642
453 653
453 657
454 641
454 643
454 644
454 646
454 648
454 649
454 652
454 657
454 658
454 659
455 646
455 649
455 651
455 654
455 657
455 658
456 645
456 646
456 647
456 651
456 653
456 654
456 657
456 658
456 659
457 641
457 643
457 651
457 655
457 657
457 659
458 644
458 646
458 647
458 655
458 656
458 657
458 658
458 659
459 640
459 647
459 649
459 650
459 651
459 652
459 654
460 640
460 641
460 642
460 647
460 648
460 649
460 651
460 653
460 654
460 655
460 659
461 640
461 646
461 647
461 648
461 651
461 652
461 655
461 656
461 658
461 659
462 644
462 646
462 650
462 654
462 655
462 656
462 659
463 641
463 642
463 645
463 647
463 650
463 655
463 656
464 641
464 643
464 648
464 649
464 652
464 654
464 655
464 658
465 644
465 648
465 653
465 654
465 655
465 659
466 640
466 641
466 644
466 651
466 652
466 658
466 659
467 642
467 643
467 649
467 654
467 656
468 641
468 642
468 645
468 651
468 653
468 657
469 640
469 641
469 646
469 647
469 648
469 653
469 654
469 656
469 658
469 659
470 641
470 643
470 644
470 645
470 646
470 648
470 651
470 657
471 642
471 646
471 651
471 653
471 656
472 640
472 650
472 652
472 653
472 654
472 655
473 643
473 644
473 648
473 655
473 656
473 657
474 644
474 647
474 651
474 653
474 654
474 656
474 657
474 658
475 641
475 643
475 645
475 649
475 651
475 652
475 653
475 654
475 655
475 656
475 657
476 641
476 642
476 644
476 645
476 651
476 656
477 640
477 641
477 648
477 653
477 655
477 657
477 659
478 641
478 642
478 644
478 646
478 650
478 652
478 657
479 643
479 646
479 647
479 650
479 651
479 652
479 655
479 656
480 645
480 646
480 649
480 651
480 653
480 655
480 658
480 659
481 645
481 647
481 648
481 655
481 656
481 657
482 640
482 645
482 649
482 651
482 653
483 643
483 644
483 645
483 647
483 648
483 651
483 654
483 658
484 640
484 641
484 643
484 647
484 649
484 651
484 655
484 656
484 659
485 643
485 644
485 649
485 650
485 651
485 654
485 655
485 658
486 640
486 641
486 643
486 645
486 648
486 649
486 650
486 658
486 659
487 640
487 642
487 647
487 648
487 657
487 659
488 640
488 649
488 653
488 654
488 655
488 658
489 642
489 647
489 648
489 649
489 650
489 651
489 652
489 653
489 654
489 655
489 657
490 640
490 641
490 642
490 647
490 648
490 653
490 654
490 655
490 656
490 659
491 643
491 646
491 648
491 650
491 651
491 655
491 656
491 659
492 641
492 642
492 648
492 649
492 651
492 652
492 654
492 655
492 656
492 657
492 659
493 641
493 645
493 649
493 650
493 653
493 654
493 655
494 640
494 643
494 644
494 646
494 649
494 653
494 654
494 655
494 658
495 640
495 641
495 642
495 645
495 647
495 648
495 651
495 652
495 659
496 640
496 645
496 649
496 650
496 651
496 652
497 642
497 644
497 646
497 648
497 649
497 650
497 651
497 656
498 642
498 643
498 645
498 648
498 650
498 657
498 659
499 640
499 643
499 645
499 648
499 652
499 658
500 640
500 644
500 645
500 647
500 648
500 653
501 642
501 643
501 646
501 652
501 653
502 641
502 643
502 644
502 645
502 646
502 650
502 651
502 653
502 655
502 656
503 640
503 641
503 645
503 646
503 648
503 651
503 653
503 655
503 656
504 640
504 642
504 644
504 653
504 655
504 658
505 641
505 648
505 649
505 651
505 652
505 654
505 655
505 656
505 657
506 641
506 645
506 646
506 647
506 651
506 655
506 656
506 658
507 644
507 646
507 648
507 649
507 650
507 651
507 653
507 655
507 656
507 657
507 658
507 659
508 641
508 644
508 646
508 649
508 658
509 640
509 642
509 646
509 647
509 648
509 650
509 651
509 655
509 656
509 659
510 644
510 645
510 646
510 648
510 652
510 659
511 641
511 642
511 647
511 649
511 651
511 653
511 655
511 657
511 658
512 645
512 648
512 654
512 657
512 659
513 641
513 647
513 651
513 658
514 641
514 648
514 652
514 654
515 643
515 644
515 649
515 652
515 654
515 655
515 657
516 643
516 644
516 648
516 649
516 653
516 659
517 643
517 645
517 646
517 648
517 649
517 651
517 653
517 654
518 641
518 644
518 645
518 648
518 654
518 659
519 641
519 642
519 643
519 644
519 645
519 646
519 652
519 653
519 655
519 658
520 641
520 646
520 648
520 653
520 655
520 656
520 657
520 658
520 659
521 643
521 644
521 645
521 648
521 653
521 658
522 641
522 644
522 655
522 656
522 657
522 659
523 642
523 649
523 651
523 653
523 655
523 657
524 640
524 642
524 644
524 645
524 647
524 648
524 651
524 652
524 655
524 659
525 641
525 642
525 648
525 649
525 650
525 651
525 653
525 658
526 642
526 644
526 646
526 648
526 651
526 652
526 653
526 657
526 658
526 659
527 642
527 646
527 647
527 650
527 651
527 653
527 655
527 656
527 659
528 645
528 649
528 651
528 655
528 657
528 659
529 642
529 644
529 645
529 647
529 648
529 649
529 653
529 655
529 659
530 641
530 643
530 645
530 647
530 649
530 650
530 651
530 652
530 653
530 655
531 640
531 641
531 644
531 645
531 653
531 655
531 657
531 658
532 640
532 643
532 647
532 648
532 649
532 650
532 652
532 654
532 657
532 658
533 641
533 642
533 647
533 651
533 654
533 655
533 656
534 640
534 642
534 644
534 646
534 647
534 653
534 654
534 655
534 658
535 641
535 643
535 644
535 645
535 648
535 649
535 650
535 651
535 658
536 640
536 646
536 649
536 650
536 651
536 653
536 656
536 658
536 659
537 641
537 642
537 651
537 654
537 657
538 642
538 643
538 650
538 652
538 654
538 659
539 642
539 643
539 645
539 647
539 649
539 650
539 652
539 654
539 656
540 641
540 642
540 645
540 646
540 648
540 650
540 653
541 641
541 651
541 655
541 656
541 657
541 659
542 641
542 642
542 643
542 644
542 654
542 657
543 641
543 643
543 645
543 646
543 647
543 648
543 649
543 651
543 652
543 657
543 659
544 641
544 644
544 649
544 650
544 651
544 652
544 655
544 656
544 658
545 640
545 645
545 646
545 648
545 653
545 655
545 656
545 657
545 658
546 641
546 642
546 644
546 646
546 650
546 654
546 657
546 659
547 642
547 646
547 647
547 649
547 653
547 658
548 640
548 641
548 644
548 647
548 648
548 649
548 650
548 651
548 656
548 657
548 658
549 640
549 642
549 644
549 646
549 647
549 652
549 653
549 655
549 656
549 657
549 658
549 659
550 640
550 642
550 643
550 644
550 645
550 646
550 647
550 648
550 651
550 653
550 656
550 657
551 641
551 642
551 646
551 651
551 652
551 655
551 656
551 658
551 659
552 640
552 641
552 644
552 646
552 650
552 652
552 653
552 658
553 645
553 648
553 654
553 655
554 642
554 644
554 645
554 646
554 647
554 648
554 649
554 652
554 659
555 640
555 643
555 650
555 652
555 655
555 658
556 640
556 641
556 642
556 643
556 645
556 646
556 651
556 652
556 653
556 656
556 657
557 641
557 645
557 649
557 652
557 654
557 657
558 641
558 643
558 645
558 646
558 648
558 653
558 654
558 657
558 658
558 659
559 642
559 644
559 645
559 647
559 655
559 659
560 640
560 643
560 645
560 647
560 650
560 651
560 658
561 641
561 642
561 643
561 646
561 648
561 649
561 653
561 655
561 657
561 658
562 640
562 644
562 647
562 651
562 654
562 656
562 658
562 659
563 647
563 649
563 650
563 653
564 644
564 645
564 647
564 651
565 640
565 645
565 649
565 658
565 659
566 642
566 643
566 644
566 645
566 648
566 653
566 654
566 656
566 658
566 659
567 640
567 641
567 647
567 648
567 651
567 652
567 655
567 656
567 657
567 658
568 642
568 643
568 645
568 647
568 649
568 652
568 653
568 657
568 658
569 642
569 643
569 654
569 657
570 640
570 641
570 644
570 645
570 652
570 654
571 641
571 642
571 646
571 650
571 655
571 656
571 657
571 658
571 659
572 651
572 653
572 658
572 659
573 640
573 642
573 643
573 645
573 648
573 650
573 659
574 640
574 644
574 645
574 650
574 651
574 652
574 654
575 643
575 653
575 656
575 657
576 645
576 647
576 652
576 658
576 659
577 644
577 647
577 651
577 654
577 655
577 658
578 640
578 641
578 642
578 644
578 651
578 656
578 657
578 658
579 640
579 642
579 643
579 645
579 646
579 648
579 650
579 654
579 655
579 656
580 643
580 644
580 646
580 648
580 649
580 652
581 644
581 647
581 648
581 649
581 650
581 653
581 654
581 655
582 641
582 642
582 649
582 650
582 651
582 652
582 655
582 657
583 651
583 654
583 657
583 658
583 659
584 644
584 645
584 649
584 651
584 652
584 653
584 656
584 657
585 645
585 646
585 647
585 648
585 649
585 650
585 655
585 656
586 641
586 645
586 649
586 650
586 651
586 652
586 657
586 659
587 641
587 643
587 644
587 646
587 647
587 648
587 652
587 658
587 659
588 641
588 642
588 643
588 644
588 645
588 647
588 648
588 650
588 652
588 655
588 656
588 657
588 658
588 659
589 641
589 642
589 643
589 647
589 650
589 652
589 655
589 658
590 640
590 641
590 643
590 645
590 646
590 647
590 648
590 650
590 651
590 655
590 657
590 659
591 640
591 643
591 645
591 647
591 650
591 651
591 652
591 654
591 655
591 656
591 658
592 643
592 646
592 647
592 650
592 651
592 655
592 656
593 645
593 648
593 649
593 656
594 641
594 644
594 645
594 647
594 648
594 650
594 651
594 652
594 653
594 655
594 656
595 640
595 644
595 646
595 647
595 649
595 651
595 652
595 656
596 640
596 644
596 652
596 654
596 655
596 656
596 657
596 658
597 641
597 646
597 647
597 653
597 654
597 658
597 659
598 641
598 644
598 645
598 647
598 650
598 653
599 641
599 642
599 645
599 646
599 647
599 648
599 654
599 658
599 659
600 642
600 646
600 647
600 648
600 649
600 651
600 652
600 656
600 658
600 659
601 642
601 644
601 645
601 652
601 653
601 654
601 657
601 658
601 659
602 642
602 648
602 650
602 653
602 654
602 659
603 642
603 645
603 647
603 650
603 652
603 653
603 657
603 659
604 641
604 644
604 645
604 646
604 648
604 650
604 653
604 654
604 655
604 656
605 640
605 646
605 649
605 652
605 654
605 655
605 657
605 658
606 641
606 642
606 644
606 646
606 648
606 652
606 653
606 657
607 640
607 641
607 647
607 648
607 652
607 653
607 655
607 659
608 640
608 650
608 651
609 640
609 643
609 648
609 650
609 652
610 640
610 643
610 645
610 652
610 654
610 655
610 656
610 658
611 641
611 642
611 644
611 645
611 649
611 650
611 652
611 654
611 657
612 644
612 646
612 647
612 649
612 654
612 658
612 659
613 640
613 642
613 643
613 644
613 646
613 647
613 651
613 652
613 654
613 655
613 656
613 657
613 659
614 643
614 649
614 653
614 658
614 659
615 641
615 642
615 645
615 646
615 648
615 649
615 650
615 655
616 645
616 646
616 647
616 648
616 650
616 655
616 657
616 658
617 640
617 641
617 646
617 648
617 650
617 651
617 655
617 656
618 641
618 642
618 643
618 645
618 646
618 647
618 648
618 649
618 650
618 651
618 652
618 654
618 655
618 657
619 640
619 641
619 642
619 646
619 647
619 651
619 654
619 655
619 656
619 659
620 646
620 647
620 648
620 649
620 650
620 651
620 652
620 653
620 654
620 655
620 657
620 658
620 659
621 642
621 646
621 650
621 652
622 642
622 643
622 645
622 646
622 648
622 651
622 652
622 653
622 654
622 655
622 657
623 642
623 647
623 649
623 651
623 652
623 654
623 655
623 659
624 640
624 650
624 652
624 653
624 659
625 640
625 644
625 647
625 651
625 652
625 653
626 640
626 642
626 643
626 652
626 655
626 656
626 657
626 659
627 641
627 642
627 648
627 649
627 650
627 651
627 658
627 659
628 640
628 642
628 643
628 644
628 649
628 651
628 655
629 642
629 643
629 647
629 650
629 654
629 656
630 640
630 641
630 642
630 644
630 645
630 649
630 652
630 653
630 656
630 657
631 640
631 641
631 648
631 649
631 653
631 654
631 656
631 659
632 640
632 641
632 644
632 645
632 646
632 647
632 649
632 652
632 653
632 654
632 655
632 659
633 646
633 647
633 650
633 651
633 658
634 640
634 641
634 642
634 645
634 652
634 654
634 656
634 658
634 659
635 641
635 642
635 644
635 647
635 652
635 658
636 645
636 652
636 654
636 655
637 641
637 642
637 645
637 646
637 659
638 644
638 645
638 646
638 648
638 653
638 658
638 659
639 647
639 654
639 655
639 658
639 659
