60 328
0 40
0 44
0 45
0 47
0 49
0 51
0 52
0 53
0 54
0 55
0 58
1 44
1 45
1 47
1 48
1 49
1 50
1 53
1 54
1 55
1 56
1 59
2 40
2 41
2 42
2 43
2 45
2 46
2 47
2 48
2 50
2 52
2 56
3 41
3 44
3 45
3 47
3 48
3 49
3 50
3 51
3 55
4 40
4 45
4 46
4 49
4 50
4 52
4 53
4 54
4 55
5 40
5 42
5 44
5 47
5 52
5 54
5 56
6 41
6 42
6 45
6 47
6 48
6 49
6 51
6 52
6 53
6 54
6 57
6 59
7 42
7 44
7 47
7 49
7 50
7 52
7 54
7 57
7 59
8 40
8 42
8 43
8 51
8 55
8 56
8 59
9 43
9 44
9 45
9 47
9 48
9 50
9 51
9 55
10 46
10 47
10 52
10 53
10 56
10 59
11 44
11 45
11 46
11 47
11 49
11 52
11 53
11 58
12 40
12 46
12 47
12 48
12 52
12 53
12 55
12 58
13 40
13 42
13 43
13 44
13 45
13 46
13 47
13 49
13 51
13 53
13 57
14 44
14 45
14 46
14 48
14 53
14 56
14 59
15 40
15 45
15 46
15 48
15 51
15 53
15 57
15 58
16 41
16 45
16 46
16 48
16 53
16 54
16 58
17 40
17 44
17 48
17 51
17 52
17 53
17 58
18 41
18 42
18 43
18 45
18 47
18 49
18 50
18 52
18 53
18 55
18 56
18 58
18 59
19 40
19 42
19 44
19 49
19 51
19 55
19 57
19 58
20 40
20 48
20 50
20 51
20 53
20 56
21 40
21 41
21 42
21 49
21 51
21 53
21 55
21 57
22 40
22 42
22 44
22 49
22 50
22 53
22 54
22 55
22 57
23 40
23 41
23 45
23 47
23 48
23 50
23 51
23 54
23 58
23 59
24 40
24 45
24 50
25 40
25 41
25 42
25 43
25 45
25 47
25 48
25 49
25 50
25 51
25 53
25 56
26 43
26 44
26 56
26 59
27 40
27 42
27 45
27 47
27 48
27 49
27 53
27 56
28 41
28 43
28 44
28 47
28 50
28 55
28 56
28 57
28 59
29 43
29 46
29 47
29 48
29 50
29 53
29 54
29 55
29 59
30 42
30 46
30 48
30 53
30 59
31 44
31 45
31 48
31 49
31 50
31 53
32 43
32 45
32 48
32 49
32 52
32 54
32 55
32 58
33 41
33 46
33 49
33 53
33 56
34 42
34 43
34 44
34 45
34 47
34 50
34 52
34 54
34 57
34 58
34 59
35 40
35 46
35 47
35 48
35 52
35 54
35 59
36 40
36 43
36 46
36 47
36 49
36 50
36 53
36 56
36 59
37 41
37 42
37 43
37 45
37 54
37 56
37 57
37 59
38 41
38 43
38 57
38 58
39 42
39 43
39 44
39 45
39 46
39 49
39 54
39 55
39 56
39 57
