190 1952
0 160
0 168
0 169
0 177
0 178
0 179
0 180
0 181
0 187
0 188
0 189
1 161
1 172
1 174
1 176
1 177
1 180
1 181
1 183
1 186
1 187
1 188
2 163
2 166
2 167
2 168
2 172
2 174
2 179
2 180
2 182
2 187
2 188
3 163
3 164
3 166
3 167
3 169
3 172
3 173
3 174
3 178
3 179
3 181
3 183
3 184
3 186
3 187
3 189
4 161
4 162
4 165
4 166
4 168
4 170
4 171
4 172
4 173
4 174
4 175
4 178
4 182
4 184
4 185
4 187
4 188
4 189
5 161
5 165
5 168
5 169
5 171
5 174
5 176
5 178
5 179
5 181
5 182
5 185
5 186
5 187
5 189
6 163
6 164
6 165
6 167
6 168
6 175
6 178
6 180
6 183
6 189
7 161
7 164
7 168
7 170
7 172
7 173
7 176
7 182
7 183
7 187
7 189
8 164
8 170
8 172
8 176
8 177
8 182
8 184
8 185
8 189
9 160
9 161
9 167
9 169
9 179
9 181
9 183
9 185
9 186
9 188
10 161
10 164
10 169
10 172
10 176
10 177
10 180
10 181
10 183
10 186
10 188
10 189
11 161
11 166
11 168
11 172
11 179
11 180
11 182
11 184
11 187
12 161
12 162
12 163
12 169
12 171
12 172
12 177
12 180
12 181
12 184
12 189
13 162
13 167
13 169
13 170
13 171
13 172
13 173
13 175
13 180
13 185
13 186
13 187
13 189
14 160
14 165
14 169
14 172
14 173
14 174
14 175
14 176
14 177
14 181
14 187
15 160
15 161
15 171
15 172
15 173
15 174
15 179
15 181
15 182
15 184
15 185
15 186
15 188
16 161
16 163
16 164
16 166
16 167
16 168
16 171
16 174
16 176
16 178
16 182
16 183
16 184
16 185
16 187
16 188
17 160
17 163
17 167
17 168
17 169
17 172
17 173
17 175
17 176
17 182
17 184
17 188
18 161
18 164
18 167
18 170
18 171
18 175
18 178
18 183
18 187
18 188
18 189
19 160
19 161
19 162
19 169
19 171
19 172
19 178
19 181
19 185
19 188
20 164
20 168
20 169
20 173
20 174
20 176
20 178
20 185
21 161
21 163
21 177
21 179
21 183
21 184
21 185
21 189
22 162
22 163
22 165
22 166
22 167
22 173
22 175
22 176
22 179
22 181
22 182
22 184
22 185
22 188
23 163
23 164
23 166
23 167
23 170
23 171
23 178
23 179
23 180
23 181
23 183
24 160
24 163
24 165
24 168
24 172
24 173
24 174
24 179
24 180
24 184
24 185
24 189
25 163
25 165
25 166
25 167
25 170
25 172
25 173
25 175
25 176
25 178
25 184
25 186
25 189
26 160
26 161
26 162
26 164
26 168
26 170
26 172
26 173
26 175
26 181
26 183
26 184
26 185
26 186
26 187
26 188
27 161
27 166
27 168
27 170
27 172
27 177
27 181
27 186
27 188
27 189
28 160
28 162
28 164
28 167
28 173
28 175
28 177
28 182
28 183
28 184
28 186
28 189
29 164
29 168
29 169
29 171
29 173
29 174
29 175
29 177
29 179
29 185
29 189
30 160
30 161
30 165
30 167
30 170
30 173
30 174
30 178
30 179
30 180
30 185
30 186
30 187
30 188
31 160
31 161
31 164
31 170
31 171
31 175
31 181
31 184
31 187
32 161
32 162
32 164
32 165
32 167
32 170
32 175
32 178
32 180
32 181
32 183
32 187
32 189
33 162
33 163
33 165
33 166
33 168
33 174
33 175
33 176
33 177
33 179
33 182
33 184
33 186
33 189
34 162
34 163
34 165
34 166
34 172
34 173
34 174
34 176
34 181
34 187
34 188
34 189
35 161
35 162
35 164
35 166
35 170
35 172
35 179
35 183
35 184
35 189
36 160
36 162
36 163
36 164
36 166
36 167
36 171
36 172
36 176
36 178
36 179
36 184
36 185
36 186
36 187
37 160
37 162
37 164
37 166
37 167
37 169
37 172
37 173
37 177
37 178
37 179
37 180
37 181
37 185
37 186
37 188
38 161
38 164
38 167
38 168
38 170
38 172
38 174
38 180
38 181
38 184
38 186
38 187
38 189
39 160
39 161
39 164
39 171
39 173
39 186
39 188
40 161
40 163
40 164
40 175
40 176
40 178
40 179
40 180
40 183
40 189
41 161
41 162
41 165
41 167
41 168
41 169
41 174
41 175
41 185
41 186
41 188
42 162
42 163
42 167
42 170
42 172
42 174
42 176
42 177
42 178
42 181
42 182
42 185
42 187
43 160
43 163
43 165
43 168
43 170
43 172
43 173
43 176
43 180
43 184
44 162
44 165
44 170
44 174
44 175
44 176
44 177
44 179
44 183
44 184
44 189
45 160
45 162
45 164
45 165
45 172
45 173
45 174
45 175
45 176
45 178
45 183
45 186
45 187
45 189
46 161
46 166
46 170
46 171
46 173
46 176
46 178
46 182
46 187
46 188
46 189
47 163
47 165
47 166
47 169
47 171
47 172
47 173
47 174
47 183
47 184
47 189
48 161
48 162
48 163
48 164
48 165
48 173
48 178
48 180
48 181
48 182
48 184
48 185
48 186
48 187
49 165
49 170
49 172
49 178
49 180
49 184
49 185
49 187
49 188
50 160
50 162
50 163
50 164
50 165
50 166
50 169
50 170
50 173
50 175
50 176
50 179
50 183
50 184
50 187
50 188
51 161
51 166
51 173
51 174
51 175
51 177
51 178
51 179
51 182
51 183
51 184
51 189
52 160
52 161
52 164
52 166
52 167
52 171
52 177
52 178
52 188
52 189
53 163
53 164
53 166
53 172
53 173
53 175
53 181
53 182
53 183
53 184
53 185
53 189
54 165
54 166
54 167
54 169
54 170
54 171
54 172
54 174
54 178
54 179
54 182
54 183
54 186
54 188
54 189
55 160
55 161
55 167
55 170
55 177
55 180
55 186
55 187
55 188
55 189
56 160
56 161
56 164
56 165
56 166
56 167
56 168
56 174
56 179
56 181
56 182
56 183
56 185
56 187
56 188
56 189
57 160
57 174
57 176
57 179
57 180
57 181
57 182
57 183
57 185
57 186
57 188
58 162
58 163
58 164
58 171
58 172
58 175
58 176
58 177
58 180
58 182
58 184
58 187
58 188
59 162
59 163
59 164
59 165
59 168
59 169
59 170
59 171
59 172
59 173
59 175
59 178
59 180
59 183
59 186
59 188
59 189
60 160
60 162
60 163
60 166
60 168
60 171
60 173
60 175
60 176
60 177
60 182
60 184
60 185
60 186
60 189
61 162
61 163
61 165
61 167
61 172
61 173
61 176
61 178
61 181
61 185
61 187
62 160
62 162
62 165
62 167
62 168
62 169
62 170
62 173
62 174
62 175
62 176
62 178
62 179
62 185
62 188
63 162
63 163
63 166
63 168
63 169
63 171
63 172
63 173
63 174
63 177
63 178
63 183
63 186
64 160
64 162
64 163
64 165
64 166
64 170
64 171
64 175
64 176
64 177
64 178
64 180
64 183
64 184
64 185
64 187
64 189
65 162
65 164
65 165
65 168
65 169
65 170
65 171
65 174
65 175
65 178
65 179
65 180
65 182
65 185
65 186
65 187
65 188
66 161
66 164
66 165
66 167
66 170
66 172
66 175
66 177
66 179
66 180
66 183
66 185
66 186
66 188
67 162
67 165
67 167
67 168
67 174
67 175
67 176
67 177
67 178
67 180
67 185
67 186
67 187
67 188
68 160
68 161
68 162
68 163
68 166
68 169
68 173
68 174
68 175
68 176
68 180
68 182
68 185
68 187
68 189
69 162
69 170
69 171
69 172
69 173
69 174
69 176
69 180
69 183
70 163
70 164
70 165
70 166
70 167
70 171
70 174
70 175
70 176
70 184
70 186
70 188
71 161
71 162
71 163
71 164
71 166
71 167
71 169
71 172
71 174
71 177
71 178
71 180
71 182
71 184
71 188
72 160
72 169
72 173
72 180
72 185
72 187
73 163
73 165
73 167
73 170
73 178
73 179
73 181
73 182
73 183
73 189
74 163
74 166
74 175
74 177
74 179
74 181
74 184
74 185
75 162
75 169
75 170
75 171
75 172
75 174
75 178
75 180
75 185
75 186
75 187
75 189
76 165
76 167
76 169
76 171
76 172
76 174
76 175
76 176
76 178
76 181
76 182
76 183
76 184
76 186
76 187
76 188
77 163
77 166
77 167
77 169
77 177
77 178
77 179
77 187
78 160
78 167
78 170
78 171
78 174
78 176
78 182
78 185
78 186
78 187
78 188
78 189
79 160
79 161
79 163
79 164
79 165
79 168
79 170
79 174
79 177
79 182
79 183
79 184
79 186
80 161
80 163
80 164
80 172
80 173
80 176
80 177
80 179
80 182
80 183
80 188
81 163
81 165
81 166
81 167
81 170
81 171
81 175
81 177
81 178
81 181
81 184
81 185
81 186
81 188
81 189
82 162
82 167
82 168
82 170
82 172
82 178
82 183
82 184
82 185
82 186
82 188
82 189
83 163
83 164
83 166
83 167
83 174
83 181
83 182
83 188
84 161
84 164
84 166
84 167
84 177
84 179
84 180
84 182
84 183
84 184
84 187
84 189
85 161
85 166
85 167
85 168
85 169
85 170
85 172
85 177
85 179
85 180
85 184
85 185
85 186
85 187
85 188
86 161
86 162
86 167
86 168
86 171
86 175
86 176
86 177
86 179
86 184
86 185
86 189
87 160
87 161
87 162
87 163
87 165
87 166
87 168
87 169
87 173
87 174
87 175
87 177
87 179
87 181
87 183
87 188
87 189
88 162
88 165
88 167
88 169
88 170
88 177
88 178
88 183
88 184
88 186
88 188
88 189
89 163
89 166
89 169
89 171
89 173
89 175
89 176
89 180
89 181
89 182
89 184
89 185
89 186
89 187
90 162
90 166
90 168
90 174
90 177
90 187
90 188
91 164
91 166
91 167
91 168
91 169
91 170
91 171
91 172
91 173
91 175
91 178
91 180
91 182
91 187
92 162
92 164
92 165
92 166
92 167
92 172
92 179
92 180
92 181
92 182
92 183
92 186
92 187
92 188
92 189
93 161
93 163
93 167
93 169
93 173
93 174
93 177
93 178
93 181
93 184
93 189
94 162
94 164
94 165
94 166
94 169
94 173
94 180
94 184
94 185
94 189
95 161
95 162
95 163
95 165
95 166
95 167
95 171
95 172
95 173
95 177
95 178
95 181
95 182
95 184
95 185
95 186
95 188
96 160
96 161
96 163
96 164
96 168
96 169
96 175
96 176
96 177
96 180
96 181
96 183
96 184
96 187
97 165
97 166
97 167
97 169
97 171
97 177
97 179
97 182
97 184
97 186
98 160
98 161
98 162
98 163
98 166
98 167
98 168
98 169
98 172
98 174
98 175
98 176
98 181
98 183
98 185
98 187
98 189
99 161
99 164
99 171
99 176
100 160
100 161
100 164
100 165
100 166
100 169
100 173
100 178
100 179
100 180
100 181
100 183
100 184
100 188
101 161
101 162
101 164
101 165
101 168
101 173
101 175
101 177
101 181
101 182
101 185
101 186
101 188
101 189
102 160
102 163
102 168
102 172
102 173
102 176
102 177
102 178
102 179
102 180
102 183
102 184
102 187
102 188
103 163
103 166
103 169
103 172
103 176
103 177
103 178
103 179
103 185
103 187
103 188
103 189
104 163
104 164
104 165
104 166
104 168
104 174
104 177
104 179
104 180
104 183
104 185
104 186
104 187
105 160
105 166
105 167
105 168
105 169
105 170
105 178
105 179
105 183
105 185
105 189
106 160
106 168
106 170
106 171
106 175
106 177
106 182
106 187
106 189
107 161
107 162
107 163
107 164
107 170
107 172
107 178
107 180
107 182
107 187
108 161
108 168
108 169
108 171
108 172
108 176
108 178
108 180
108 183
108 184
108 188
109 160
109 162
109 167
109 168
109 174
109 178
109 181
109 184
109 186
109 187
110 162
110 163
110 167
110 169
110 171
110 175
110 177
110 179
110 180
110 182
110 185
110 187
110 189
111 169
111 171
111 172
111 175
111 179
111 186
111 187
112 162
112 166
112 167
112 168
112 170
112 171
112 177
112 178
112 179
112 182
112 183
112 187
112 188
113 162
113 164
113 167
113 169
113 171
113 172
113 176
113 178
113 183
113 186
113 189
114 160
114 161
114 162
114 163
114 164
114 166
114 178
114 181
114 182
114 183
114 184
114 187
115 162
115 164
115 165
115 166
115 167
115 168
115 169
115 170
115 173
115 175
115 179
115 180
115 181
115 182
115 183
115 184
115 186
115 188
116 169
116 171
116 172
116 174
116 177
116 178
116 180
116 185
116 186
116 187
116 189
117 162
117 164
117 166
117 167
117 169
117 170
117 172
117 173
117 174
117 175
117 176
117 177
117 178
117 182
117 184
117 187
118 162
118 166
118 172
118 174
118 176
118 177
118 181
118 182
118 185
119 160
119 163
119 165
119 169
119 170
119 172
119 175
119 176
119 178
119 180
119 181
119 182
119 188
119 189
120 161
120 162
120 167
120 168
120 169
120 174
120 175
120 178
120 179
120 180
120 182
120 183
120 185
120 189
121 164
121 165
121 166
121 169
121 171
121 176
121 178
121 179
121 183
121 189
122 160
122 164
122 167
122 168
122 169
122 171
122 173
122 175
122 176
122 177
122 178
122 180
122 181
122 182
122 183
122 185
123 162
123 165
123 166
123 168
123 169
123 173
123 175
123 177
123 188
124 160
124 161
124 163
124 165
124 166
124 170
124 179
124 181
124 182
124 184
124 185
124 187
124 189
125 162
125 165
125 167
125 172
125 173
125 175
125 177
125 179
125 181
125 183
125 186
126 162
126 163
126 164
126 166
126 167
126 168
126 175
126 179
126 181
126 183
126 184
126 185
127 160
127 161
127 162
127 163
127 164
127 165
127 166
127 167
127 168
127 169
127 170
127 172
127 175
127 176
127 182
127 183
127 189
128 161
128 162
128 164
128 166
128 168
128 169
128 171
128 172
128 173
128 174
128 175
128 176
128 177
128 179
128 181
128 183
128 187
128 188
129 160
129 163
129 164
129 167
129 172
129 173
129 175
129 176
129 186
129 187
130 162
130 163
130 169
130 175
130 176
130 178
130 181
130 185
131 160
131 161
131 162
131 164
131 167
131 175
131 178
131 179
131 182
131 185
131 188
131 189
132 168
132 169
132 173
132 176
132 177
132 179
132 180
133 160
133 161
133 162
133 167
133 176
133 177
133 182
133 183
133 185
133 186
133 187
133 188
134 161
134 162
134 168
134 172
134 175
134 178
134 183
134 184
134 185
134 186
134 188
135 160
135 161
135 168
135 170
135 174
135 175
135 177
135 178
135 179
135 182
135 185
135 187
135 189
136 161
136 162
136 163
136 165
136 167
136 171
136 175
136 178
136 179
136 181
136 186
137 173
137 174
137 175
137 176
137 177
137 180
137 184
137 185
138 160
138 162
138 163
138 164
138 168
138 169
138 170
138 177
138 182
138 183
138 188
138 189
139 160
139 161
139 163
139 164
139 166
139 169
139 172
139 175
139 176
139 178
139 185
139 186
139 187
140 163
140 164
140 165
140 166
140 167
140 174
140 178
140 182
140 183
140 185
140 189
141 160
141 161
141 162
141 163
141 165
141 166
141 168
141 174
141 175
141 176
141 180
141 181
141 184
141 189
142 161
142 164
142 166
142 167
142 169
142 170
142 171
142 175
142 181
142 183
142 188
143 160
143 161
143 164
143 167
143 168
143 171
143 172
143 174
143 177
143 179
143 182
143 183
143 185
143 189
144 160
144 161
144 162
144 163
144 167
144 171
144 172
144 173
144 175
144 176
144 177
144 178
144 180
144 184
144 185
145 160
145 165
145 168
145 171
145 175
145 180
145 184
145 187
145 189
146 162
146 164
146 167
146 169
146 171
146 177
146 178
146 179
146 185
146 186
146 187
147 161
147 162
147 169
147 171
147 172
147 176
147 186
147 188
148 160
148 163
148 167
148 169
148 170
148 171
148 176
148 177
148 178
148 179
148 181
148 182
148 183
148 186
148 187
148 188
149 161
149 162
149 168
149 169
149 171
149 175
149 177
149 180
149 181
149 182
149 183
149 187
149 188
150 162
150 167
150 168
150 170
150 172
150 175
150 177
150 178
150 179
150 180
150 181
150 183
150 186
150 187
150 189
151 160
151 161
151 162
151 163
151 165
151 166
151 169
151 172
151 173
151 174
151 176
151 177
151 181
151 183
151 184
151 185
151 189
152 160
152 162
152 163
152 164
152 165
152 167
152 168
152 170
152 174
152 175
152 176
152 178
152 181
152 184
152 185
152 187
152 188
153 160
153 161
153 164
153 171
153 175
153 184
153 185
153 186
153 188
153 189
154 162
154 164
154 168
154 169
154 171
154 175
154 177
154 179
154 184
154 187
155 160
155 161
155 162
155 164
155 168
155 169
155 173
155 175
155 177
155 178
155 180
155 182
155 184
155 186
156 161
156 163
156 170
156 171
156 177
156 183
156 185
156 188
157 161
157 164
157 168
157 169
157 174
157 175
157 176
157 189
158 160
158 162
158 163
158 164
158 165
158 168
158 169
158 171
158 173
158 174
158 177
158 179
158 180
158 184
158 187
158 188
159 160
159 163
159 167
159 169
159 171
159 172
159 173
159 174
159 175
159 182
159 186
159 187
159 189
